9.10000e+01 1.09027e-01
9.40000e+01 1.09901e-01
9.60000e+01 1.13608e-01
9.80000e+01 1.16346e-01
1.00000e+02 1.19105e-01
1.02000e+02 1.21913e-01
1.04000e+02 1.24681e-01
1.06000e+02 1.27510e-01
1.08000e+02 1.30407e-01
1.10000e+02 1.35328e-01
1.14000e+02 1.39035e-01
1.18000e+02 1.42617e-01
1.21000e+02 1.47600e-01
1.25000e+02 1.49337e-01
1.27000e+02 1.52352e-01
1.28000e+02 1.56142e-01
1.31000e+02 1.56026e-01
1.32000e+02 1.59731e-01
1.34000e+02 1.61738e-01
1.37000e+02 1.63616e-01
1.40000e+02 1.66292e-01
1.43000e+02 1.69872e-01
1.47000e+02 1.72761e-01
1.51000e+02 1.76518e-01
1.55000e+02 1.80306e-01
1.59000e+02 1.83334e-01
1.62000e+02 1.87541e-01
1.66000e+02 1.90024e-01
1.70000e+02 1.92522e-01
1.73000e+02 1.96536e-01
1.77000e+02 1.98418e-01
1.80000e+02 2.00991e-01
1.82000e+02 2.05097e-01
1.86000e+02 2.07859e-01
1.91000e+02 2.09506e-01
1.94000e+02 2.13843e-01
1.98000e+02 2.15971e-01
2.02000e+02 2.18153e-01
2.05000e+02 2.22627e-01
2.10000e+02 2.25744e-01
2.16000e+02 2.28265e-01
2.20000e+02 2.32184e-01
2.23000e+02 2.36162e-01
2.27000e+02 2.45507e-01
2.30000e+02 3.01876e-01
2.34000e+02 3.04934e-01
2.40000e+02 2.97618e-01
2.46000e+02 2.93399e-01
2.52000e+02 2.92952e-01
2.57000e+02 2.92355e-01
2.60000e+02 3.00361e-01
2.64000e+02 3.39596e-01
2.69000e+02 3.51296e-01
2.74000e+02 3.50688e-01
2.79000e+02 3.26695e-01
2.84000e+02 3.65160e-01
2.90000e+02 3.83167e-01
2.96000e+02 3.57446e-01
3.01000e+02 3.40856e-01
3.08000e+02 3.72164e-01
3.18000e+02 3.83106e-01
3.28000e+02 3.96097e-01
3.38000e+02 3.87978e-01
3.48000e+02 3.91712e-01
3.57000e+02 5.31105e-01
3.66000e+02 7.50646e-01
3.75000e+02 7.52002e-01
3.85000e+02 6.78518e-01
3.95000e+02 9.04949e-01
4.05000e+02 1.08758e+00
4.14000e+02 1.09225e+00
4.22000e+02 1.01034e+00
4.30000e+02 9.81785e-01
4.41000e+02 1.07602e+00
4.51000e+02 1.08973e+00
4.60000e+02 9.92436e-01
4.70000e+02 9.95898e-01
4.80000e+02 1.05595e+00
4.90000e+02 9.62355e-01
5.00000e+02 1.06652e+00
5.06000e+02 1.10568e+00
5.12000e+02 1.62787e+00
5.20000e+02 1.60668e+00
5.30000e+02 1.45472e+00
5.40000e+02 1.25017e+00
5.50000e+02 1.24654e+00
5.60000e+02 1.52337e+00
5.70000e+02 1.66469e+00
5.80000e+02 1.63097e+00
5.90000e+02 1.59806e+00
6.00000e+02 1.39157e+00
6.10000e+02 1.39537e+00
6.20000e+02 1.61625e+00
6.30000e+02 1.59487e+00
6.40000e+02 1.65579e+00
6.50000e+02 1.59459e+00
6.58000e+02 1.49986e+00
6.65000e+02 1.62236e+00
6.75000e+02 1.65243e+00
6.85000e+02 1.49356e+00
6.95000e+02 1.57908e+00
7.05000e+02 1.40643e+00
7.16000e+02 1.62524e+00
7.26000e+02 1.66495e+00
7.35000e+02 1.65373e+00
7.45000e+02 1.59849e+00
7.55000e+02 1.55426e+00
7.65000e+02 1.45577e+00
7.75000e+02 1.51637e+00
7.85000e+02 1.45889e+00
7.95000e+02 1.50316e+00
8.05000e+02 1.51873e+00
8.15000e+02 1.51892e+00
8.25000e+02 1.48779e+00
8.35000e+02 1.28465e+00
8.45000e+02 1.43600e+00
8.55000e+02 1.45366e+00
8.65000e+02 1.47880e+00
8.75000e+02 1.48272e+00
8.85000e+02 1.48104e+00
8.95000e+02 1.47676e+00
9.05000e+02 1.65416e+00
9.15000e+02 3.25532e+00
9.25000e+02 6.38715e+00
9.35000e+02 9.62383e+00
9.45000e+02 1.29635e+01
9.55000e+02 1.51318e+01
9.65000e+02 1.56839e+01
9.75000e+02 1.03244e+01
9.85000e+02 1.45763e+01
9.95000e+02 1.51634e+01
1.00500e+03 1.64219e+01
1.01500e+03 1.54305e+01
1.02500e+03 1.15269e+01
1.03500e+03 1.42538e+01
1.04500e+03 1.74727e+01
1.05500e+03 1.73303e+01
1.06500e+03 1.58702e+01
1.07500e+03 1.59572e+01
1.08500e+03 1.49137e+01
1.09500e+03 1.57069e+01
1.10500e+03 1.52788e+01
1.11500e+03 1.47179e+01
1.12500e+03 1.38708e+01
1.13500e+03 1.44674e+01
1.14500e+03 1.39662e+01
1.15500e+03 1.37626e+01
1.16500e+03 1.32160e+01
1.17500e+03 1.12985e+01
1.18500e+03 1.22468e+01
1.19500e+03 1.11791e+01
1.20500e+03 9.92758e+00
1.20872e+03 8.95783e+00
1.20880e+03 8.74019e+00
1.20887e+03 8.72577e+00
1.20894e+03 8.71213e+00
1.20902e+03 8.69934e+00
1.20909e+03 8.68759e+00
1.20916e+03 8.67690e+00
1.20923e+03 8.66739e+00
1.20931e+03 8.65916e+00
1.20938e+03 8.65243e+00
1.20945e+03 8.64725e+00
1.20953e+03 8.64379e+00
1.20960e+03 8.64226e+00
1.20967e+03 8.64280e+00
1.20975e+03 8.64558e+00
1.20982e+03 8.65086e+00
1.20989e+03 8.65882e+00
1.20996e+03 8.66968e+00
1.21004e+03 8.68366e+00
1.21011e+03 8.70111e+00
1.21018e+03 8.72223e+00
1.21026e+03 8.74727e+00
1.21033e+03 8.77665e+00
1.21040e+03 8.81063e+00
1.21047e+03 8.84952e+00
1.21055e+03 8.89366e+00
1.21062e+03 8.94348e+00
1.21069e+03 8.99927e+00
1.21077e+03 9.06151e+00
1.21084e+03 9.13056e+00
1.21091e+03 9.20679e+00
1.21099e+03 9.29075e+00
1.21106e+03 9.38280e+00
1.21113e+03 9.48322e+00
1.21120e+03 9.59278e+00
1.21128e+03 9.71157e+00
1.21135e+03 9.84038e+00
1.21142e+03 9.97930e+00
1.21150e+03 1.01292e+01
1.21157e+03 1.02902e+01
1.21164e+03 1.04627e+01
1.21172e+03 1.06475e+01
1.21179e+03 1.08447e+01
1.21186e+03 1.10548e+01
1.21193e+03 1.12781e+01
1.21201e+03 1.15149e+01
1.21208e+03 1.17656e+01
1.21215e+03 1.20303e+01
1.21223e+03 1.23096e+01
1.21230e+03 1.26035e+01
1.21237e+03 1.29119e+01
1.21244e+03 1.32355e+01
1.21252e+03 1.35739e+01
1.21259e+03 1.39271e+01
1.21266e+03 1.42953e+01
1.21274e+03 1.46782e+01
1.21281e+03 1.50754e+01
1.21288e+03 1.54874e+01
1.21296e+03 1.59132e+01
1.21303e+03 1.63525e+01
1.21310e+03 1.68047e+01
1.21317e+03 1.72697e+01
1.21325e+03 1.77464e+01
1.21332e+03 1.82341e+01
1.21339e+03 1.87325e+01
1.21347e+03 1.92403e+01
1.21354e+03 1.97563e+01
1.21361e+03 2.02802e+01
1.21369e+03 2.08106e+01
1.21376e+03 2.13460e+01
1.21383e+03 2.18852e+01
1.21390e+03 2.24271e+01
1.21398e+03 2.29702e+01
1.21405e+03 2.35130e+01
1.21412e+03 2.40543e+01
1.21420e+03 2.45920e+01
1.21427e+03 2.51251e+01
1.21434e+03 2.56519e+01
1.21441e+03 2.61707e+01
1.21449e+03 2.66793e+01
1.21456e+03 2.71770e+01
1.21463e+03 2.76617e+01
1.21471e+03 2.81317e+01
1.21478e+03 2.85850e+01
1.21485e+03 2.90207e+01
1.21493e+03 2.94387e+01
1.21500e+03 2.98408e+01
1.21507e+03 3.02494e+01
1.21514e+03 3.06400e+01
1.21522e+03 3.10070e+01
1.21529e+03 3.13478e+01
1.21536e+03 3.16609e+01
1.21544e+03 3.19450e+01
1.21551e+03 3.21995e+01
1.21558e+03 3.24236e+01
1.21566e+03 3.26157e+01
1.21573e+03 3.27761e+01
1.21580e+03 3.29039e+01
1.21587e+03 3.29988e+01
1.21595e+03 3.30600e+01
1.21602e+03 3.30882e+01
1.21609e+03 3.30828e+01
1.21617e+03 3.30439e+01
1.21624e+03 3.29721e+01
1.21631e+03 3.28677e+01
1.21638e+03 3.27309e+01
1.21646e+03 3.25625e+01
1.21653e+03 3.23631e+01
1.21660e+03 3.21339e+01
1.21668e+03 3.18755e+01
1.21675e+03 3.15892e+01
1.21682e+03 3.12760e+01
1.21690e+03 3.09372e+01
1.21697e+03 3.05740e+01
1.21704e+03 3.01879e+01
1.21711e+03 2.97807e+01
1.21719e+03 2.93532e+01
1.21726e+03 2.89074e+01
1.21733e+03 2.84450e+01
1.21741e+03 2.79671e+01
1.21748e+03 2.74756e+01
1.21755e+03 2.69727e+01
1.21763e+03 2.64596e+01
1.21770e+03 2.59378e+01
1.21777e+03 2.54090e+01
1.21784e+03 2.48754e+01
1.21792e+03 2.43376e+01
1.21799e+03 2.37979e+01
1.21806e+03 2.32578e+01
1.21814e+03 2.27181e+01
1.21821e+03 2.21809e+01
1.21828e+03 2.16473e+01
1.21835e+03 2.11184e+01
1.21843e+03 2.05951e+01
1.21850e+03 2.00796e+01
1.21857e+03 1.95722e+01
1.21865e+03 1.90739e+01
1.21872e+03 1.85858e+01
1.21879e+03 1.81088e+01
1.21887e+03 1.76433e+01
1.21894e+03 1.71901e+01
1.21901e+03 1.67500e+01
1.21908e+03 1.63234e+01
1.21916e+03 1.59101e+01
1.21923e+03 1.55112e+01
1.21930e+03 1.51270e+01
1.21938e+03 1.47575e+01
1.21945e+03 1.44027e+01
1.21952e+03 1.40629e+01
1.21960e+03 1.37379e+01
1.21967e+03 1.34279e+01
1.21974e+03 1.31325e+01
1.21981e+03 1.28518e+01
1.21989e+03 1.25857e+01
1.21996e+03 1.23335e+01
1.22003e+03 1.20954e+01
1.22011e+03 1.18710e+01
1.22018e+03 1.16597e+01
1.22025e+03 1.14617e+01
1.22032e+03 1.12760e+01
1.22040e+03 1.11024e+01
1.22047e+03 1.09408e+01
1.22054e+03 1.07903e+01
1.22062e+03 1.06508e+01
1.22069e+03 1.05217e+01
1.22076e+03 1.04025e+01
1.22084e+03 1.02927e+01
1.22091e+03 1.01922e+01
1.22098e+03 1.01003e+01
1.22105e+03 1.00164e+01
1.22113e+03 9.94041e+00
1.22120e+03 9.87175e+00
1.22127e+03 9.80997e+00
1.22135e+03 9.75464e+00
1.22142e+03 9.70548e+00
1.22149e+03 9.66199e+00
1.22157e+03 9.62387e+00
1.22164e+03 9.59087e+00
1.22171e+03 9.56243e+00
1.22178e+03 9.53838e+00
1.22186e+03 9.51835e+00
1.22193e+03 9.50204e+00
1.22200e+03 9.48928e+00
1.22208e+03 9.47959e+00
1.22215e+03 9.47300e+00
1.22222e+03 9.46911e+00
1.22229e+03 9.46773e+00
1.22237e+03 9.46867e+00
1.22244e+03 9.47177e+00
1.22251e+03 9.47665e+00
1.22259e+03 9.48347e+00
1.22266e+03 9.49180e+00
1.22273e+03 9.50160e+00
1.22281e+03 9.51262e+00
1.22288e+03 9.52506e+00
1.22295e+03 9.53860e+00
1.22302e+03 9.55299e+00
1.22310e+03 9.56830e+00
1.22317e+03 9.58445e+00
1.22324e+03 9.74176e+00
1.22500e+03 1.05193e+01
1.23500e+03 1.16170e+01
1.24500e+03 1.20475e+01
1.25500e+03 1.18826e+01
1.26500e+03 1.15783e+01
1.27500e+03 1.21618e+01
1.28500e+03 1.21874e+01
1.29500e+03 1.13851e+01
1.30500e+03 1.13131e+01
1.31500e+03 1.19302e+01
1.32500e+03 1.17126e+01
1.33500e+03 1.13432e+01
1.34500e+03 1.17196e+01
1.35500e+03 1.15867e+01
1.36500e+03 1.11846e+01
1.37500e+03 1.11654e+01
1.38500e+03 1.10086e+01
1.39500e+03 9.99472e+00
1.40500e+03 9.88270e+00
1.41500e+03 1.06435e+01
1.42500e+03 1.07031e+01
1.43500e+03 1.08070e+01
1.44200e+03 1.09497e+01
1.44700e+03 1.09715e+01
1.45500e+03 1.07936e+01
1.46500e+03 1.05388e+01
1.47500e+03 1.05006e+01
1.48500e+03 1.05356e+01
1.49500e+03 1.04840e+01
1.50500e+03 1.02414e+01
1.51200e+03 9.89529e+00
1.51700e+03 9.98459e+00
1.52500e+03 9.81186e+00
1.53500e+03 9.24252e+00
1.54500e+03 8.96300e+00
1.55500e+03 8.87833e+00
1.56500e+03 9.16094e+00
1.57500e+03 9.40711e+00
1.58500e+03 9.50426e+00
1.59500e+03 9.48467e+00
1.60500e+03 9.27633e+00
1.61500e+03 9.14156e+00
1.62500e+03 9.00720e+00
1.63500e+03 9.04935e+00
1.64500e+03 8.94189e+00
1.65500e+03 8.85610e+00
1.66500e+03 8.89486e+00
1.67200e+03 8.62362e+00
1.67700e+03 8.94284e+00
1.68500e+03 8.92444e+00
1.69500e+03 8.67040e+00
1.70500e+03 8.42856e+00
1.71500e+03 8.15949e+00
1.72500e+03 8.05300e+00
1.73500e+03 8.13588e+00
1.74500e+03 8.04133e+00
1.75500e+03 8.03008e+00
1.76500e+03 7.80064e+00
1.77500e+03 7.72250e+00
1.78500e+03 7.72027e+00
1.79500e+03 7.74538e+00
1.80500e+03 7.65617e+00
1.81500e+03 7.40089e+00
1.82500e+03 7.33705e+00
1.83500e+03 7.17783e+00
1.84500e+03 6.90224e+00
1.85500e+03 6.80815e+00
1.86500e+03 6.81965e+00
1.87500e+03 6.86821e+00
1.88500e+03 6.60199e+00
1.89500e+03 6.42595e+00
1.90500e+03 6.48782e+00
1.91500e+03 6.33378e+00
1.92500e+03 6.20223e+00
1.93500e+03 6.26407e+00
1.94500e+03 6.26016e+00
1.95500e+03 6.05803e+00
1.96700e+03 6.14494e+00
1.97600e+03 6.18315e+00
1.98400e+03 6.00808e+00
1.99500e+03 5.87903e+00
2.00500e+03 5.88355e+00
2.01500e+03 5.81591e+00
2.02500e+03 5.81499e+00
2.03500e+03 5.65479e+00
2.04500e+03 5.55855e+00
2.05500e+03 5.16273e+00
2.06500e+03 5.24502e+00
2.07400e+03 5.48888e+00
2.07800e+03 5.42487e+00
2.08500e+03 5.42170e+00
2.09500e+03 5.29903e+00
2.10500e+03 5.28130e+00
2.11500e+03 5.26931e+00
2.12500e+03 5.23666e+00
2.13500e+03 5.11966e+00
2.14500e+03 5.06742e+00
2.15500e+03 5.08244e+00
2.16500e+03 4.99822e+00
2.17500e+03 4.94663e+00
2.18500e+03 4.87607e+00
2.19500e+03 4.89445e+00
2.20500e+03 4.82305e+00
2.21500e+03 4.71387e+00
2.22500e+03 4.65049e+00
2.23500e+03 4.65932e+00
2.24500e+03 4.58670e+00
2.25500e+03 4.49920e+00
2.26500e+03 4.50211e+00
2.27500e+03 4.50001e+00
2.28500e+03 4.47081e+00
2.29500e+03 4.35829e+00
2.30500e+03 4.31652e+00
2.31500e+03 4.22386e+00
2.32500e+03 3.97972e+00
2.33500e+03 4.10237e+00
2.34500e+03 4.09566e+00
2.35500e+03 4.10349e+00
2.36500e+03 4.03378e+00
2.37500e+03 3.99978e+00
2.38500e+03 3.91599e+00
2.39500e+03 3.94381e+00
2.40500e+03 3.89998e+00
2.41500e+03 3.88883e+00
2.42500e+03 3.89297e+00
2.43500e+03 3.84081e+00
2.44500e+03 3.85049e+00
2.45500e+03 3.82034e+00
2.46500e+03 3.78478e+00
2.47500e+03 3.74266e+00
2.48500e+03 3.71763e+00
2.49500e+03 3.58115e+00
2.50500e+03 3.66945e+00
2.51300e+03 3.58167e+00
2.51800e+03 3.63003e+00
2.52500e+03 3.59645e+00
2.53500e+03 3.56973e+00
2.54500e+03 3.53790e+00
2.55500e+03 3.55157e+00
2.56500e+03 3.53403e+00
2.57500e+03 3.54590e+00
2.58500e+03 3.52562e+00
2.59500e+03 3.49293e+00
2.60500e+03 3.44575e+00
2.61500e+03 3.41658e+00
2.62500e+03 3.41137e+00
2.63500e+03 3.40509e+00
2.64500e+03 3.42726e+00
2.65500e+03 3.40317e+00
2.66500e+03 3.33933e+00
2.67500e+03 3.33143e+00
2.68500e+03 3.31033e+00
2.69500e+03 3.26163e+00
2.70500e+03 3.24356e+00
2.71500e+03 3.20307e+00
2.72500e+03 3.17660e+00
2.73500e+03 3.15756e+00
2.74500e+03 3.09320e+00
2.75500e+03 3.06997e+00
2.76500e+03 3.06550e+00
2.77500e+03 3.07314e+00
2.78500e+03 3.02740e+00
2.79500e+03 2.90898e+00
2.80500e+03 2.92599e+00
2.81500e+03 2.98008e+00
2.82500e+03 2.96249e+00
2.83500e+03 2.91241e+00
2.84500e+03 2.88362e+00
2.85500e+03 2.86265e+00
2.86500e+03 2.86222e+00
2.87500e+03 2.83583e+00
2.88500e+03 2.81671e+00
2.89500e+03 2.79427e+00
2.91000e+03 2.78050e+00
2.93000e+03 2.72804e+00
2.95000e+03 2.67547e+00
2.97000e+03 2.63978e+00
2.99000e+03 2.59943e+00
3.01000e+03 2.56361e+00
3.03000e+03 2.52678e+00
3.05000e+03 2.48728e+00
3.07000e+03 2.44912e+00
3.09000e+03 2.41318e+00
3.11000e+03 2.37634e+00
3.13000e+03 2.33975e+00
3.15000e+03 2.30971e+00
3.17000e+03 2.27445e+00
3.19000e+03 2.23024e+00
3.21000e+03 2.20614e+00
3.23000e+03 2.18218e+00
3.25000e+03 2.16227e+00
3.27000e+03 2.14100e+00
3.29000e+03 2.11737e+00
3.31000e+03 2.09523e+00
3.33000e+03 2.06913e+00
3.35000e+03 2.04210e+00
3.37000e+03 2.01826e+00
3.39000e+03 1.99917e+00
3.41000e+03 1.98072e+00
3.43000e+03 1.94993e+00
3.45000e+03 1.93049e+00
3.47000e+03 1.91639e+00
3.49000e+03 1.90187e+00
3.51000e+03 1.88929e+00
3.53000e+03 1.87230e+00
3.55000e+03 1.85793e+00
3.57000e+03 1.83522e+00
3.59000e+03 1.81493e+00
3.61000e+03 1.80284e+00
3.63000e+03 1.78897e+00
3.64000e+03 1.77028e+00
3.65000e+03 1.69977e+00
3.67000e+03 1.66652e+00
3.69000e+03 1.62756e+00
3.70466e+03 1.63528e+00
3.70488e+03 1.64478e+00
3.70511e+03 1.64519e+00
3.70533e+03 1.64558e+00
3.70555e+03 1.64597e+00
3.70578e+03 1.64637e+00
3.70600e+03 1.64676e+00
3.70622e+03 1.64716e+00
3.70645e+03 1.64754e+00
3.70667e+03 1.64793e+00
3.70689e+03 1.64833e+00
3.70712e+03 1.64873e+00
3.70734e+03 1.64912e+00
3.70756e+03 1.64952e+00
3.70779e+03 1.64992e+00
3.70801e+03 1.65028e+00
3.70824e+03 1.65068e+00
3.70846e+03 1.65107e+00
3.70868e+03 1.65147e+00
3.70891e+03 1.65187e+00
3.70913e+03 1.65227e+00
3.70935e+03 1.65267e+00
3.70958e+03 1.65307e+00
3.70980e+03 1.65345e+00
3.71000e+03 1.65372e+00
3.71002e+03 1.65382e+00
3.71025e+03 1.65367e+00
3.71047e+03 1.65353e+00
3.71070e+03 1.65340e+00
3.71092e+03 1.65329e+00
3.71114e+03 1.65318e+00
3.71137e+03 1.65309e+00
3.71159e+03 1.65302e+00
3.71181e+03 1.65299e+00
3.71204e+03 1.65298e+00
3.71226e+03 1.65302e+00
3.71248e+03 1.65313e+00
3.71271e+03 1.65331e+00
3.71293e+03 1.65357e+00
3.71316e+03 1.65394e+00
3.71338e+03 1.65444e+00
3.71360e+03 1.65511e+00
3.71383e+03 1.65598e+00
3.71405e+03 1.65709e+00
3.71427e+03 1.65849e+00
3.71450e+03 1.66027e+00
3.71472e+03 1.66248e+00
3.71494e+03 1.66520e+00
3.71517e+03 1.66851e+00
3.71539e+03 1.67256e+00
3.71562e+03 1.67746e+00
3.71584e+03 1.68337e+00
3.71606e+03 1.69045e+00
3.71629e+03 1.69892e+00
3.71651e+03 1.70895e+00
3.71673e+03 1.72084e+00
3.71696e+03 1.73481e+00
3.71718e+03 1.75120e+00
3.71740e+03 1.77032e+00
3.71763e+03 1.79256e+00
3.71785e+03 1.81829e+00
3.71808e+03 1.84793e+00
3.71830e+03 1.88194e+00
3.71852e+03 1.92082e+00
3.71875e+03 1.96504e+00
3.71897e+03 2.01516e+00
3.71919e+03 2.07169e+00
3.71942e+03 2.13520e+00
3.71964e+03 2.20624e+00
3.71986e+03 2.28536e+00
3.72009e+03 2.37306e+00
3.72031e+03 2.46987e+00
3.72053e+03 2.57630e+00
3.72076e+03 2.69278e+00
3.72098e+03 2.81965e+00
3.72121e+03 2.95722e+00
3.72143e+03 3.10568e+00
3.72165e+03 3.26515e+00
3.72188e+03 3.43562e+00
3.72210e+03 3.61696e+00
3.72232e+03 3.80889e+00
3.72255e+03 4.01102e+00
3.72277e+03 4.22277e+00
3.72299e+03 4.44340e+00
3.72322e+03 4.67204e+00
3.72344e+03 4.90764e+00
3.72367e+03 5.14896e+00
3.72389e+03 5.39463e+00
3.72411e+03 5.64314e+00
3.72434e+03 5.89282e+00
3.72456e+03 6.14185e+00
3.72478e+03 6.38833e+00
3.72501e+03 6.63046e+00
3.72523e+03 6.86621e+00
3.72545e+03 7.09348e+00
3.72568e+03 7.31027e+00
3.72590e+03 7.51451e+00
3.72613e+03 7.70430e+00
3.72635e+03 7.87778e+00
3.72657e+03 8.03321e+00
3.72680e+03 8.16899e+00
3.72702e+03 8.28376e+00
3.72724e+03 8.37629e+00
3.72747e+03 8.44560e+00
3.72769e+03 8.49095e+00
3.72791e+03 8.51185e+00
3.72814e+03 8.50810e+00
3.72836e+03 8.47970e+00
3.72859e+03 8.42698e+00
3.72881e+03 8.35050e+00
3.72903e+03 8.25105e+00
3.72926e+03 8.12973e+00
3.72948e+03 7.98783e+00
3.72970e+03 7.82670e+00
3.72993e+03 7.67982e+00
3.73000e+03 7.56963e+00
3.73015e+03 7.43857e+00
3.73037e+03 7.24803e+00
3.73060e+03 7.02945e+00
3.73082e+03 6.80094e+00
3.73105e+03 6.56456e+00
3.73127e+03 6.32231e+00
3.73149e+03 6.07623e+00
3.73172e+03 5.82823e+00
3.73194e+03 5.58013e+00
3.73216e+03 5.33373e+00
3.73239e+03 5.09062e+00
3.73261e+03 4.85228e+00
3.73283e+03 4.62003e+00
3.73306e+03 4.39505e+00
3.73328e+03 4.17837e+00
3.73351e+03 3.97086e+00
3.73373e+03 3.77319e+00
3.73395e+03 3.58577e+00
3.73418e+03 3.40901e+00
3.73440e+03 3.24316e+00
3.73462e+03 3.08834e+00
3.73485e+03 2.94448e+00
3.73507e+03 2.81149e+00
3.73529e+03 2.68911e+00
3.73552e+03 2.57701e+00
3.73574e+03 2.47483e+00
3.73596e+03 2.38211e+00
3.73619e+03 2.29837e+00
3.73641e+03 2.22309e+00
3.73664e+03 2.15574e+00
3.73686e+03 2.09576e+00
3.73708e+03 2.04257e+00
3.73731e+03 1.99567e+00
3.73753e+03 1.95449e+00
3.73775e+03 1.91852e+00
3.73798e+03 1.88727e+00
3.73820e+03 1.86026e+00
3.73842e+03 1.83703e+00
3.73865e+03 1.81715e+00
3.73887e+03 1.80030e+00
3.73910e+03 1.78606e+00
3.73932e+03 1.77414e+00
3.73954e+03 1.76426e+00
3.73977e+03 1.75613e+00
3.73999e+03 1.74952e+00
3.74021e+03 1.74422e+00
3.74044e+03 1.74004e+00
3.74066e+03 1.73683e+00
3.74088e+03 1.73442e+00
3.74111e+03 1.73272e+00
3.74133e+03 1.73159e+00
3.74156e+03 1.73095e+00
3.74178e+03 1.73073e+00
3.74200e+03 1.73081e+00
3.74223e+03 1.73121e+00
3.74245e+03 1.73182e+00
3.74267e+03 1.73263e+00
3.74290e+03 1.73360e+00
3.74312e+03 1.73467e+00
3.74334e+03 1.73587e+00
3.74357e+03 1.73714e+00
3.74379e+03 1.73847e+00
3.74402e+03 1.73986e+00
3.74424e+03 1.74131e+00
3.74446e+03 1.74277e+00
3.74469e+03 1.74426e+00
3.74491e+03 1.74579e+00
3.74513e+03 1.74732e+00
3.74536e+03 1.74884e+00
3.74558e+03 1.75040e+00
3.74580e+03 1.75196e+00
3.74603e+03 1.75352e+00
3.74625e+03 1.75510e+00
3.74648e+03 1.75666e+00
3.74670e+03 1.75824e+00
3.74692e+03 1.75982e+00
3.74715e+03 1.76140e+00
3.74737e+03 1.76298e+00
3.74759e+03 1.76456e+00
3.74782e+03 1.76613e+00
3.74804e+03 1.76772e+00
3.74826e+03 1.76930e+00
3.74849e+03 1.77088e+00
3.74871e+03 1.77247e+00
3.74893e+03 1.77404e+00
3.74916e+03 1.77683e+00
3.75000e+03 1.78882e+00
3.77000e+03 1.80829e+00
3.79000e+03 1.91517e+00
3.81000e+03 1.98738e+00
3.83000e+03 1.85608e+00
3.85000e+03 2.05148e+00
3.87000e+03 2.08005e+00
3.89000e+03 1.79967e+00
3.91000e+03 2.06348e+00
3.93000e+03 2.07160e+00
3.95000e+03 2.00367e+00
3.97000e+03 1.69328e+00
3.99000e+03 1.97365e+00
4.01000e+03 2.06018e+00
4.03000e+03 2.03250e+00
4.05000e+03 2.02245e+00
4.07000e+03 1.97548e+00
4.07820e+03 1.91849e+00
4.07845e+03 1.90152e+00
4.07870e+03 1.89942e+00
4.07894e+03 1.89731e+00
4.07919e+03 1.89522e+00
4.07943e+03 1.89310e+00
4.07968e+03 1.89101e+00
4.07993e+03 1.88890e+00
4.08017e+03 1.88680e+00
4.08042e+03 1.88470e+00
4.08066e+03 1.88260e+00
4.08091e+03 1.88049e+00
4.08116e+03 1.87840e+00
4.08140e+03 1.87630e+00
4.08165e+03 1.87420e+00
4.08190e+03 1.87210e+00
4.08214e+03 1.87001e+00
4.08239e+03 1.86790e+00
4.08263e+03 1.86582e+00
4.08288e+03 1.86372e+00
4.08313e+03 1.86164e+00
4.08337e+03 1.85954e+00
4.08362e+03 1.85745e+00
4.08386e+03 1.85537e+00
4.08411e+03 1.85327e+00
4.08436e+03 1.85120e+00
4.08460e+03 1.84912e+00
4.08485e+03 1.84706e+00
4.08510e+03 1.84497e+00
4.08534e+03 1.84292e+00
4.08559e+03 1.84085e+00
4.08583e+03 1.83881e+00
4.08608e+03 1.83679e+00
4.08633e+03 1.83476e+00
4.08657e+03 1.83276e+00
4.08682e+03 1.83078e+00
4.08706e+03 1.82883e+00
4.08731e+03 1.82692e+00
4.08756e+03 1.82505e+00
4.08780e+03 1.82321e+00
4.08805e+03 1.82143e+00
4.08830e+03 1.81973e+00
4.08854e+03 1.81811e+00
4.08879e+03 1.81659e+00
4.08903e+03 1.81518e+00
4.08928e+03 1.81391e+00
4.08953e+03 1.81279e+00
4.08977e+03 1.81187e+00
4.09000e+03 1.81127e+00
4.09002e+03 1.81084e+00
4.09026e+03 1.80990e+00
4.09051e+03 1.80899e+00
4.09076e+03 1.80841e+00
4.09100e+03 1.80822e+00
4.09125e+03 1.80844e+00
4.09150e+03 1.80915e+00
4.09174e+03 1.81039e+00
4.09199e+03 1.81223e+00
4.09223e+03 1.81475e+00
4.09248e+03 1.81802e+00
4.09273e+03 1.82212e+00
4.09297e+03 1.82710e+00
4.09322e+03 1.83307e+00
4.09347e+03 1.84012e+00
4.09371e+03 1.84827e+00
4.09396e+03 1.85767e+00
4.09420e+03 1.86837e+00
4.09445e+03 1.88044e+00
4.09470e+03 1.89393e+00
4.09494e+03 1.90893e+00
4.09519e+03 1.92548e+00
4.09543e+03 1.94361e+00
4.09568e+03 1.96335e+00
4.09593e+03 1.98469e+00
4.09617e+03 2.00764e+00
4.09642e+03 2.03217e+00
4.09667e+03 2.05822e+00
4.09691e+03 2.08574e+00
4.09716e+03 2.11464e+00
4.09740e+03 2.14480e+00
4.09765e+03 2.17605e+00
4.09790e+03 2.20822e+00
4.09814e+03 2.24114e+00
4.09839e+03 2.27460e+00
4.09863e+03 2.30838e+00
4.09888e+03 2.34222e+00
4.09913e+03 2.37586e+00
4.09937e+03 2.40897e+00
4.09962e+03 2.44130e+00
4.09987e+03 2.47254e+00
4.10011e+03 2.50241e+00
4.10036e+03 2.53060e+00
4.10060e+03 2.55684e+00
4.10085e+03 2.58082e+00
4.10110e+03 2.60228e+00
4.10134e+03 2.62098e+00
4.10159e+03 2.63671e+00
4.10183e+03 2.64927e+00
4.10208e+03 2.65851e+00
4.10233e+03 2.66427e+00
4.10257e+03 2.66650e+00
4.10282e+03 2.66511e+00
4.10307e+03 2.66012e+00
4.10331e+03 2.65152e+00
4.10356e+03 2.63939e+00
4.10380e+03 2.62383e+00
4.10405e+03 2.60498e+00
4.10430e+03 2.58300e+00
4.10454e+03 2.55809e+00
4.10479e+03 2.53050e+00
4.10503e+03 2.50044e+00
4.10528e+03 2.46815e+00
4.10553e+03 2.43398e+00
4.10577e+03 2.39824e+00
4.10602e+03 2.36118e+00
4.10627e+03 2.32310e+00
4.10651e+03 2.28430e+00
4.10676e+03 2.24507e+00
4.10700e+03 2.20566e+00
4.10725e+03 2.16638e+00
4.10750e+03 2.12750e+00
4.10774e+03 2.08918e+00
4.10799e+03 2.05166e+00
4.10823e+03 2.01511e+00
4.10848e+03 1.97967e+00
4.10873e+03 1.94555e+00
4.10897e+03 1.91282e+00
4.10922e+03 1.88156e+00
4.10947e+03 1.85185e+00
4.10971e+03 1.82373e+00
4.10996e+03 1.80247e+00
4.11000e+03 1.78982e+00
4.11020e+03 1.77694e+00
4.11045e+03 1.76089e+00
4.11070e+03 1.74568e+00
4.11094e+03 1.73201e+00
4.11119e+03 1.71982e+00
4.11144e+03 1.70904e+00
4.11168e+03 1.69961e+00
4.11193e+03 1.69147e+00
4.11217e+03 1.68452e+00
4.11242e+03 1.67870e+00
4.11267e+03 1.67393e+00
4.11291e+03 1.67009e+00
4.11316e+03 1.66717e+00
4.11340e+03 1.66500e+00
4.11365e+03 1.66360e+00
4.11390e+03 1.66284e+00
4.11414e+03 1.66266e+00
4.11439e+03 1.66301e+00
4.11464e+03 1.66384e+00
4.11488e+03 1.66508e+00
4.11513e+03 1.66668e+00
4.11537e+03 1.66858e+00
4.11562e+03 1.67077e+00
4.11587e+03 1.67320e+00
4.11611e+03 1.67583e+00
4.11636e+03 1.67865e+00
4.11660e+03 1.68160e+00
4.11685e+03 1.68469e+00
4.11710e+03 1.68790e+00
4.11734e+03 1.69120e+00
4.11759e+03 1.69456e+00
4.11784e+03 1.69801e+00
4.11808e+03 1.70149e+00
4.11833e+03 1.70501e+00
4.11857e+03 1.70859e+00
4.11882e+03 1.71218e+00
4.11907e+03 1.71581e+00
4.11931e+03 1.71945e+00
4.11956e+03 1.72310e+00
4.11981e+03 1.72677e+00
4.12005e+03 1.73047e+00
4.12030e+03 1.73416e+00
4.12054e+03 1.73785e+00
4.12079e+03 1.74156e+00
4.12104e+03 1.74525e+00
4.12128e+03 1.74897e+00
4.12153e+03 1.75266e+00
4.12177e+03 1.75638e+00
4.12202e+03 1.76008e+00
4.12227e+03 1.76379e+00
4.12251e+03 1.76749e+00
4.12276e+03 1.77121e+00
4.12301e+03 1.77491e+00
4.12325e+03 1.77862e+00
4.12350e+03 1.78233e+00
4.12374e+03 1.78603e+00
4.12399e+03 1.78971e+00
4.12424e+03 1.79344e+00
4.12448e+03 1.79713e+00
4.12473e+03 1.80084e+00
4.12497e+03 1.80454e+00
4.12522e+03 1.80824e+00
4.12547e+03 1.81193e+00
4.12571e+03 1.81564e+00
4.12596e+03 1.81934e+00
4.12621e+03 1.82303e+00
4.12645e+03 1.82672e+00
4.12670e+03 1.83042e+00
4.12694e+03 1.83410e+00
4.12719e+03 1.84808e+00
4.13000e+03 1.88564e+00
4.15000e+03 1.88730e+00
4.17000e+03 1.87361e+00
4.19000e+03 1.85287e+00
4.21000e+03 1.82924e+00
4.23000e+03 1.80392e+00
4.25000e+03 1.77953e+00
4.27000e+03 1.74581e+00
4.29000e+03 1.71716e+00
4.31000e+03 1.67011e+00
4.31565e+03 1.62971e+00
4.31591e+03 1.61823e+00
4.31617e+03 1.61616e+00
4.31643e+03 1.61410e+00
4.31669e+03 1.61205e+00
4.31695e+03 1.60999e+00
4.31721e+03 1.60793e+00
4.31747e+03 1.60587e+00
4.31773e+03 1.60382e+00
4.31799e+03 1.60177e+00
4.31825e+03 1.59972e+00
4.31852e+03 1.59765e+00
4.31878e+03 1.59561e+00
4.31904e+03 1.59355e+00
4.31930e+03 1.59150e+00
4.31956e+03 1.58943e+00
4.31982e+03 1.58740e+00
4.32008e+03 1.58535e+00
4.32034e+03 1.58330e+00
4.32060e+03 1.58126e+00
4.32086e+03 1.57920e+00
4.32112e+03 1.57716e+00
4.32138e+03 1.57513e+00
4.32164e+03 1.57309e+00
4.32190e+03 1.57105e+00
4.32216e+03 1.56903e+00
4.32242e+03 1.56700e+00
4.32268e+03 1.56498e+00
4.32294e+03 1.56298e+00
4.32320e+03 1.56097e+00
4.32346e+03 1.55899e+00
4.32373e+03 1.55702e+00
4.32399e+03 1.55508e+00
4.32425e+03 1.55316e+00
4.32451e+03 1.55126e+00
4.32477e+03 1.54940e+00
4.32503e+03 1.54760e+00
4.32529e+03 1.54583e+00
4.32555e+03 1.54414e+00
4.32581e+03 1.54254e+00
4.32607e+03 1.54102e+00
4.32633e+03 1.53963e+00
4.32659e+03 1.53837e+00
4.32685e+03 1.53728e+00
4.32711e+03 1.53638e+00
4.32737e+03 1.53570e+00
4.32763e+03 1.53529e+00
4.32789e+03 1.53521e+00
4.32815e+03 1.53548e+00
4.32841e+03 1.53617e+00
4.32867e+03 1.53736e+00
4.32894e+03 1.53910e+00
4.32920e+03 1.54145e+00
4.32946e+03 1.54453e+00
4.32972e+03 1.54845e+00
4.32998e+03 1.55197e+00
4.33000e+03 1.55495e+00
4.33024e+03 1.55956e+00
4.33050e+03 1.56677e+00
4.33076e+03 1.57537e+00
4.33102e+03 1.58537e+00
4.33128e+03 1.59687e+00
4.33154e+03 1.61003e+00
4.33180e+03 1.62499e+00
4.33206e+03 1.64186e+00
4.33232e+03 1.66080e+00
4.33258e+03 1.68194e+00
4.33284e+03 1.70539e+00
4.33310e+03 1.73126e+00
4.33336e+03 1.75967e+00
4.33362e+03 1.79069e+00
4.33388e+03 1.82436e+00
4.33415e+03 1.86077e+00
4.33441e+03 1.89990e+00
4.33467e+03 1.94174e+00
4.33493e+03 1.98625e+00
4.33519e+03 2.03335e+00
4.33545e+03 2.08290e+00
4.33571e+03 2.13476e+00
4.33597e+03 2.18872e+00
4.33623e+03 2.24457e+00
4.33649e+03 2.30197e+00
4.33675e+03 2.36066e+00
4.33701e+03 2.42026e+00
4.33727e+03 2.48037e+00
4.33753e+03 2.54057e+00
4.33779e+03 2.60041e+00
4.33805e+03 2.65944e+00
4.33831e+03 2.71713e+00
4.33857e+03 2.77299e+00
4.33883e+03 2.82653e+00
4.33909e+03 2.87722e+00
4.33935e+03 2.92458e+00
4.33962e+03 2.96816e+00
4.33988e+03 3.00749e+00
4.34014e+03 3.04216e+00
4.34040e+03 3.07182e+00
4.34066e+03 3.09611e+00
4.34092e+03 3.11479e+00
4.34118e+03 3.12762e+00
4.34144e+03 3.13445e+00
4.34170e+03 3.13520e+00
4.34196e+03 3.12983e+00
4.34222e+03 3.11839e+00
4.34248e+03 3.10099e+00
4.34274e+03 3.07779e+00
4.34300e+03 3.04901e+00
4.34326e+03 3.01495e+00
4.34352e+03 2.97595e+00
4.34378e+03 2.93237e+00
4.34404e+03 2.88466e+00
4.34430e+03 2.83324e+00
4.34457e+03 2.77861e+00
4.34483e+03 2.72126e+00
4.34509e+03 2.66170e+00
4.34535e+03 2.60041e+00
4.34561e+03 2.53792e+00
4.34587e+03 2.47470e+00
4.34613e+03 2.41122e+00
4.34639e+03 2.34794e+00
4.34665e+03 2.28525e+00
4.34691e+03 2.22358e+00
4.34717e+03 2.16323e+00
4.34743e+03 2.10454e+00
4.34769e+03 2.04777e+00
4.34795e+03 1.99317e+00
4.34821e+03 1.94089e+00
4.34847e+03 1.89111e+00
4.34873e+03 1.84395e+00
4.34899e+03 1.79946e+00
4.34925e+03 1.75767e+00
4.34951e+03 1.71864e+00
4.34978e+03 1.68346e+00
4.35000e+03 1.65900e+00
4.35004e+03 1.64338e+00
4.35030e+03 1.62306e+00
4.35056e+03 1.59933e+00
4.35082e+03 1.57803e+00
4.35108e+03 1.55899e+00
4.35134e+03 1.54212e+00
4.35160e+03 1.52728e+00
4.35186e+03 1.51433e+00
4.35212e+03 1.50315e+00
4.35238e+03 1.49359e+00
4.35264e+03 1.48551e+00
4.35290e+03 1.47880e+00
4.35316e+03 1.47331e+00
4.35342e+03 1.46893e+00
4.35368e+03 1.46552e+00
4.35394e+03 1.46302e+00
4.35420e+03 1.46132e+00
4.35446e+03 1.46030e+00
4.35472e+03 1.45990e+00
4.35499e+03 1.46004e+00
4.35525e+03 1.46064e+00
4.35551e+03 1.46164e+00
4.35577e+03 1.46299e+00
4.35603e+03 1.46466e+00
4.35629e+03 1.46657e+00
4.35655e+03 1.46871e+00
4.35681e+03 1.47102e+00
4.35707e+03 1.47350e+00
4.35733e+03 1.47612e+00
4.35759e+03 1.47883e+00
4.35785e+03 1.48165e+00
4.35811e+03 1.48453e+00
4.35837e+03 1.48748e+00
4.35863e+03 1.49047e+00
4.35889e+03 1.49352e+00
4.35915e+03 1.49660e+00
4.35941e+03 1.49970e+00
4.35967e+03 1.50282e+00
4.35993e+03 1.50596e+00
4.36020e+03 1.50910e+00
4.36046e+03 1.51228e+00
4.36072e+03 1.51546e+00
4.36098e+03 1.51865e+00
4.36124e+03 1.52183e+00
4.36150e+03 1.52501e+00
4.36176e+03 1.52821e+00
4.36202e+03 1.53140e+00
4.36228e+03 1.53460e+00
4.36254e+03 1.53780e+00
4.36280e+03 1.54100e+00
4.36306e+03 1.54419e+00
4.36332e+03 1.54739e+00
4.36358e+03 1.55059e+00
4.36384e+03 1.55379e+00
4.36410e+03 1.55697e+00
4.36436e+03 1.56016e+00
4.36462e+03 1.56336e+00
4.36488e+03 1.56655e+00
4.36515e+03 1.56975e+00
4.36541e+03 1.57295e+00
4.36567e+03 1.57613e+00
4.36593e+03 1.57932e+00
4.36619e+03 1.58251e+00
4.36645e+03 1.58570e+00
4.36671e+03 1.58889e+00
4.36697e+03 1.59208e+00
4.36723e+03 1.59526e+00
4.36749e+03 1.60580e+00
4.37000e+03 1.62752e+00
4.39000e+03 1.61038e+00
4.41000e+03 1.60416e+00
4.43000e+03 1.59145e+00
4.45000e+03 1.57520e+00
4.47000e+03 1.54484e+00
4.49000e+03 1.54201e+00
4.51000e+03 1.53908e+00
4.53000e+03 1.51078e+00
4.55000e+03 1.49081e+00
4.57000e+03 1.48634e+00
4.59000e+03 1.46580e+00
4.61000e+03 1.45304e+00
4.63000e+03 1.43215e+00
4.65000e+03 1.41865e+00
4.67000e+03 1.40708e+00
4.69000e+03 1.38318e+00
4.71000e+03 1.36424e+00
4.73000e+03 1.36338e+00
4.75000e+03 1.35564e+00
4.77000e+03 1.34405e+00
4.79000e+03 1.32845e+00
4.81000e+03 1.30979e+00
4.83000e+03 1.28987e+00
4.83484e+03 1.26686e+00
4.83513e+03 1.25915e+00
4.83542e+03 1.25745e+00
4.83571e+03 1.25576e+00
4.83600e+03 1.25406e+00
4.83629e+03 1.25236e+00
4.83659e+03 1.25067e+00
4.83688e+03 1.24898e+00
4.83717e+03 1.24728e+00
4.83746e+03 1.24560e+00
4.83775e+03 1.24390e+00
4.83805e+03 1.24223e+00
4.83834e+03 1.24054e+00
4.83863e+03 1.23888e+00
4.83892e+03 1.23722e+00
4.83921e+03 1.23555e+00
4.83950e+03 1.23390e+00
4.83980e+03 1.23227e+00
4.84009e+03 1.23065e+00
4.84038e+03 1.22905e+00
4.84067e+03 1.22747e+00
4.84096e+03 1.22593e+00
4.84126e+03 1.22444e+00
4.84155e+03 1.22297e+00
4.84184e+03 1.22157e+00
4.84213e+03 1.22025e+00
4.84242e+03 1.21901e+00
4.84272e+03 1.21788e+00
4.84301e+03 1.21689e+00
4.84330e+03 1.21605e+00
4.84359e+03 1.21540e+00
4.84388e+03 1.21498e+00
4.84417e+03 1.21483e+00
4.84447e+03 1.21500e+00
4.84476e+03 1.21555e+00
4.84505e+03 1.21654e+00
4.84534e+03 1.21807e+00
4.84563e+03 1.22020e+00
4.84593e+03 1.22304e+00
4.84622e+03 1.22671e+00
4.84651e+03 1.23132e+00
4.84680e+03 1.23700e+00
4.84709e+03 1.24393e+00
4.84738e+03 1.25224e+00
4.84768e+03 1.26214e+00
4.84797e+03 1.27381e+00
4.84826e+03 1.28746e+00
4.84855e+03 1.30330e+00
4.84884e+03 1.32158e+00
4.84914e+03 1.34255e+00
4.84943e+03 1.36645e+00
4.84972e+03 1.39323e+00
4.85000e+03 1.41530e+00
4.85001e+03 1.43184e+00
4.85030e+03 1.45816e+00
4.85059e+03 1.49624e+00
4.85089e+03 1.53854e+00
4.85118e+03 1.58526e+00
4.85147e+03 1.63660e+00
4.85176e+03 1.69277e+00
4.85205e+03 1.75390e+00
4.85235e+03 1.82009e+00
4.85264e+03 1.89146e+00
4.85293e+03 1.96797e+00
4.85322e+03 2.04957e+00
4.85351e+03 2.13619e+00
4.85381e+03 2.22770e+00
4.85410e+03 2.32375e+00
4.85439e+03 2.42403e+00
4.85468e+03 2.52822e+00
4.85497e+03 2.63583e+00
4.85526e+03 2.74624e+00
4.85556e+03 2.85892e+00
4.85585e+03 2.97315e+00
4.85614e+03 3.08811e+00
4.85643e+03 3.20307e+00
4.85672e+03 3.31713e+00
4.85702e+03 3.42936e+00
4.85731e+03 3.53887e+00
4.85760e+03 3.64471e+00
4.85789e+03 3.74588e+00
4.85818e+03 3.84142e+00
4.85847e+03 3.93047e+00
4.85877e+03 4.01212e+00
4.85906e+03 4.08550e+00
4.85935e+03 4.14993e+00
4.85964e+03 4.20470e+00
4.85993e+03 4.24918e+00
4.86023e+03 4.28295e+00
4.86052e+03 4.30555e+00
4.86081e+03 4.31680e+00
4.86110e+03 4.31649e+00
4.86139e+03 4.30467e+00
4.86168e+03 4.28140e+00
4.86198e+03 4.24693e+00
4.86227e+03 4.20155e+00
4.86256e+03 4.14585e+00
4.86285e+03 4.08031e+00
4.86314e+03 4.00558e+00
4.86344e+03 3.92243e+00
4.86373e+03 3.83170e+00
4.86402e+03 3.73419e+00
4.86431e+03 3.63085e+00
4.86460e+03 3.52267e+00
4.86490e+03 3.41049e+00
4.86519e+03 3.29534e+00
4.86548e+03 3.17819e+00
4.86577e+03 3.05988e+00
4.86606e+03 2.94126e+00
4.86635e+03 2.82327e+00
4.86665e+03 2.70668e+00
4.86694e+03 2.59210e+00
4.86723e+03 2.48024e+00
4.86752e+03 2.37168e+00
4.86781e+03 2.26686e+00
4.86811e+03 2.16620e+00
4.86840e+03 2.07010e+00
4.86869e+03 1.97875e+00
4.86898e+03 1.89234e+00
4.86927e+03 1.81108e+00
4.86956e+03 1.73494e+00
4.86986e+03 1.67247e+00
4.87000e+03 1.63090e+00
4.87015e+03 1.59301e+00
4.87044e+03 1.54394e+00
4.87073e+03 1.49239e+00
4.87102e+03 1.44554e+00
4.87132e+03 1.40319e+00
4.87161e+03 1.36510e+00
4.87190e+03 1.33101e+00
4.87219e+03 1.30070e+00
4.87248e+03 1.27389e+00
4.87277e+03 1.25032e+00
4.87307e+03 1.22976e+00
4.87336e+03 1.21193e+00
4.87365e+03 1.19659e+00
4.87394e+03 1.18351e+00
4.87423e+03 1.17247e+00
4.87453e+03 1.16322e+00
4.87482e+03 1.15562e+00
4.87511e+03 1.14947e+00
4.87540e+03 1.14458e+00
4.87569e+03 1.14079e+00
4.87598e+03 1.13800e+00
4.87628e+03 1.13604e+00
4.87657e+03 1.13482e+00
4.87686e+03 1.13424e+00
4.87715e+03 1.13421e+00
4.87744e+03 1.13463e+00
4.87774e+03 1.13546e+00
4.87803e+03 1.13663e+00
4.87832e+03 1.13806e+00
4.87861e+03 1.13975e+00
4.87890e+03 1.14161e+00
4.87920e+03 1.14365e+00
4.87949e+03 1.14583e+00
4.87978e+03 1.14812e+00
4.88007e+03 1.15048e+00
4.88036e+03 1.15294e+00
4.88065e+03 1.15546e+00
4.88095e+03 1.15803e+00
4.88124e+03 1.16063e+00
4.88153e+03 1.16328e+00
4.88182e+03 1.16593e+00
4.88211e+03 1.16862e+00
4.88241e+03 1.17131e+00
4.88270e+03 1.17402e+00
4.88299e+03 1.17675e+00
4.88328e+03 1.17949e+00
4.88357e+03 1.18221e+00
4.88386e+03 1.18495e+00
4.88416e+03 1.18770e+00
4.88445e+03 1.19044e+00
4.88474e+03 1.19318e+00
4.88503e+03 1.19592e+00
4.88532e+03 1.19869e+00
4.88562e+03 1.20143e+00
4.88591e+03 1.20417e+00
4.88620e+03 1.20692e+00
4.88649e+03 1.20967e+00
4.88678e+03 1.21242e+00
4.88707e+03 1.21516e+00
4.88737e+03 1.21791e+00
4.88766e+03 1.22066e+00
4.88795e+03 1.22341e+00
4.88824e+03 1.22616e+00
4.88853e+03 1.22891e+00
4.88883e+03 1.23164e+00
4.88912e+03 1.23439e+00
4.88941e+03 1.23712e+00
4.88970e+03 1.23988e+00
4.89000e+03 1.24233e+00
4.89029e+03 1.24278e+00
4.89058e+03 1.24288e+00
4.89087e+03 1.24299e+00
4.89116e+03 1.24308e+00
4.89145e+03 1.24318e+00
4.89174e+03 1.24329e+00
4.89204e+03 1.24339e+00
4.89233e+03 1.24349e+00
4.89262e+03 1.24359e+00
4.89291e+03 1.24722e+00
4.91000e+03 1.24647e+00
4.92877e+03 1.23207e+00
4.92907e+03 1.22894e+00
4.92936e+03 1.22863e+00
4.92966e+03 1.22830e+00
4.92996e+03 1.22802e+00
4.93000e+03 1.22799e+00
4.93026e+03 1.22806e+00
4.93055e+03 1.22820e+00
4.93085e+03 1.22833e+00
4.93115e+03 1.22847e+00
4.93145e+03 1.22861e+00
4.93174e+03 1.22876e+00
4.93204e+03 1.22890e+00
4.93234e+03 1.22904e+00
4.93264e+03 1.22918e+00
4.93293e+03 1.22932e+00
4.93323e+03 1.22946e+00
4.93353e+03 1.22959e+00
4.93383e+03 1.22973e+00
4.93412e+03 1.22987e+00
4.93442e+03 1.23001e+00
4.93472e+03 1.23015e+00
4.93502e+03 1.23030e+00
4.93531e+03 1.23044e+00
4.93561e+03 1.23059e+00
4.93591e+03 1.23073e+00
4.93621e+03 1.23088e+00
4.93650e+03 1.23102e+00
4.93680e+03 1.23118e+00
4.93710e+03 1.23134e+00
4.93740e+03 1.23149e+00
4.93769e+03 1.23166e+00
4.93799e+03 1.23182e+00
4.93829e+03 1.23199e+00
4.93859e+03 1.23216e+00
4.93888e+03 1.23237e+00
4.93918e+03 1.23257e+00
4.93948e+03 1.23279e+00
4.93978e+03 1.23304e+00
4.94007e+03 1.23330e+00
4.94037e+03 1.23359e+00
4.94067e+03 1.23393e+00
4.94097e+03 1.23431e+00
4.94126e+03 1.23472e+00
4.94156e+03 1.23520e+00
4.94186e+03 1.23575e+00
4.94216e+03 1.23639e+00
4.94245e+03 1.23712e+00
4.94275e+03 1.23798e+00
4.94305e+03 1.23896e+00
4.94335e+03 1.24009e+00
4.94364e+03 1.24140e+00
4.94394e+03 1.24292e+00
4.94424e+03 1.24465e+00
4.94454e+03 1.24665e+00
4.94483e+03 1.24896e+00
4.94513e+03 1.25160e+00
4.94543e+03 1.25460e+00
4.94573e+03 1.25802e+00
4.94602e+03 1.26191e+00
4.94632e+03 1.26630e+00
4.94662e+03 1.27124e+00
4.94692e+03 1.27679e+00
4.94721e+03 1.28299e+00
4.94751e+03 1.28990e+00
4.94781e+03 1.29755e+00
4.94811e+03 1.30601e+00
4.94840e+03 1.31533e+00
4.94870e+03 1.32551e+00
4.94900e+03 1.33664e+00
4.94930e+03 1.34873e+00
4.94959e+03 1.36178e+00
4.94989e+03 1.37347e+00
4.95000e+03 1.38218e+00
4.95019e+03 1.39207e+00
4.95049e+03 1.40642e+00
4.95078e+03 1.42313e+00
4.95108e+03 1.44081e+00
4.95138e+03 1.45938e+00
4.95168e+03 1.47879e+00
4.95197e+03 1.49897e+00
4.95227e+03 1.51986e+00
4.95257e+03 1.54131e+00
4.95287e+03 1.56323e+00
4.95316e+03 1.58549e+00
4.95346e+03 1.60793e+00
4.95376e+03 1.63041e+00
4.95406e+03 1.65276e+00
4.95435e+03 1.67482e+00
4.95465e+03 1.69639e+00
4.95495e+03 1.71731e+00
4.95525e+03 1.73737e+00
4.95554e+03 1.75639e+00
4.95584e+03 1.77420e+00
4.95614e+03 1.79063e+00
4.95644e+03 1.80550e+00
4.95673e+03 1.81867e+00
4.95703e+03 1.82999e+00
4.95733e+03 1.83937e+00
4.95763e+03 1.84669e+00
4.95792e+03 1.85186e+00
4.95822e+03 1.85485e+00
4.95852e+03 1.85560e+00
4.95882e+03 1.85413e+00
4.95911e+03 1.85041e+00
4.95941e+03 1.84453e+00
4.95971e+03 1.83650e+00
4.96001e+03 1.82644e+00
4.96030e+03 1.81446e+00
4.96060e+03 1.80066e+00
4.96090e+03 1.78518e+00
4.96120e+03 1.76815e+00
4.96149e+03 1.74980e+00
4.96179e+03 1.73025e+00
4.96209e+03 1.70972e+00
4.96239e+03 1.68836e+00
4.96268e+03 1.66637e+00
4.96298e+03 1.64393e+00
4.96328e+03 1.62120e+00
4.96358e+03 1.59841e+00
4.96387e+03 1.57568e+00
4.96417e+03 1.55316e+00
4.96447e+03 1.53101e+00
4.96477e+03 1.50933e+00
4.96506e+03 1.48825e+00
4.96536e+03 1.46789e+00
4.96566e+03 1.44832e+00
4.96596e+03 1.42959e+00
4.96625e+03 1.41178e+00
4.96655e+03 1.39494e+00
4.96685e+03 1.37907e+00
4.96715e+03 1.36418e+00
4.96744e+03 1.35030e+00
4.96774e+03 1.33741e+00
4.96804e+03 1.32549e+00
4.96834e+03 1.31453e+00
4.96863e+03 1.30449e+00
4.96893e+03 1.29532e+00
4.96923e+03 1.28699e+00
4.96953e+03 1.27946e+00
4.96982e+03 1.27330e+00
4.97000e+03 1.26925e+00
4.97012e+03 1.26564e+00
4.97042e+03 1.26088e+00
4.97072e+03 1.25587e+00
4.97102e+03 1.25141e+00
4.97131e+03 1.24742e+00
4.97161e+03 1.24389e+00
4.97191e+03 1.24078e+00
4.97221e+03 1.23803e+00
4.97250e+03 1.23561e+00
4.97280e+03 1.23346e+00
4.97310e+03 1.23159e+00
4.97340e+03 1.22993e+00
4.97369e+03 1.22848e+00
4.97399e+03 1.22719e+00
4.97429e+03 1.22606e+00
4.97458e+03 1.22505e+00
4.97488e+03 1.22415e+00
4.97518e+03 1.22335e+00
4.97548e+03 1.22264e+00
4.97578e+03 1.22199e+00
4.97607e+03 1.22139e+00
4.97637e+03 1.22091e+00
4.97648e+03 1.22064e+00
4.97667e+03 1.22037e+00
4.97678e+03 1.22014e+00
4.97697e+03 1.21989e+00
4.97708e+03 1.21969e+00
4.97726e+03 1.21944e+00
4.97738e+03 1.21925e+00
4.97756e+03 1.21904e+00
4.97768e+03 1.21885e+00
4.97786e+03 1.21864e+00
4.97798e+03 1.21845e+00
4.97816e+03 1.21825e+00
4.97828e+03 1.21808e+00
4.97845e+03 1.21787e+00
4.97858e+03 1.21770e+00
4.97875e+03 1.21750e+00
4.97888e+03 1.21736e+00
4.97905e+03 1.21717e+00
4.97918e+03 1.21700e+00
4.97935e+03 1.21682e+00
4.97948e+03 1.21664e+00
4.97964e+03 1.21648e+00
4.97978e+03 1.21632e+00
4.97994e+03 1.21614e+00
4.98008e+03 1.21597e+00
4.98024e+03 1.21581e+00
4.98039e+03 1.21566e+00
4.98054e+03 1.21548e+00
4.98069e+03 1.21532e+00
4.98083e+03 1.21516e+00
4.98099e+03 1.21499e+00
4.98113e+03 1.21485e+00
4.98129e+03 1.21467e+00
4.98143e+03 1.21453e+00
4.98159e+03 1.21436e+00
4.98173e+03 1.21421e+00
4.98189e+03 1.21404e+00
4.98202e+03 1.21388e+00
4.98219e+03 1.21371e+00
4.98232e+03 1.21355e+00
4.98249e+03 1.21340e+00
4.98262e+03 1.21324e+00
4.98279e+03 1.21308e+00
4.98292e+03 1.21294e+00
4.98309e+03 1.21276e+00
4.98321e+03 1.21263e+00
4.98339e+03 1.21245e+00
4.98351e+03 1.21231e+00
4.98369e+03 1.21214e+00
4.98381e+03 1.21200e+00
4.98399e+03 1.21184e+00
4.98411e+03 1.21171e+00
4.98429e+03 1.21154e+00
4.98440e+03 1.21140e+00
4.98459e+03 1.21124e+00
4.98470e+03 1.21111e+00
4.98489e+03 1.21096e+00
4.98500e+03 1.21083e+00
4.98519e+03 1.21067e+00
4.98530e+03 1.21056e+00
4.98549e+03 1.21040e+00
4.98559e+03 1.21031e+00
4.98579e+03 1.21015e+00
4.98589e+03 1.21006e+00
4.98609e+03 1.20991e+00
4.98619e+03 1.20983e+00
4.98639e+03 1.20969e+00
4.98649e+03 1.20962e+00
4.98669e+03 1.20950e+00
4.98678e+03 1.20944e+00
4.98699e+03 1.20934e+00
4.98708e+03 1.20932e+00
4.98729e+03 1.20923e+00
4.98738e+03 1.20921e+00
4.98759e+03 1.20915e+00
4.98768e+03 1.20917e+00
4.98790e+03 1.20915e+00
4.98797e+03 1.20920e+00
4.98820e+03 1.20925e+00
4.98850e+03 1.20940e+00
4.98880e+03 1.20967e+00
4.98910e+03 1.21007e+00
4.98940e+03 1.21062e+00
4.98970e+03 1.21136e+00
4.99000e+03 1.21231e+00
4.99030e+03 1.21344e+00
4.99060e+03 1.21485e+00
4.99090e+03 1.21662e+00
4.99120e+03 1.21878e+00
4.99150e+03 1.22144e+00
4.99180e+03 1.22463e+00
4.99210e+03 1.22843e+00
4.99240e+03 1.23295e+00
4.99270e+03 1.23826e+00
4.99300e+03 1.24450e+00
4.99330e+03 1.25175e+00
4.99360e+03 1.26016e+00
4.99390e+03 1.26983e+00
4.99420e+03 1.28093e+00
4.99450e+03 1.29356e+00
4.99480e+03 1.30789e+00
4.99510e+03 1.32408e+00
4.99541e+03 1.34230e+00
4.99571e+03 1.36266e+00
4.99601e+03 1.38536e+00
4.99631e+03 1.41048e+00
4.99661e+03 1.43822e+00
4.99691e+03 1.46870e+00
4.99721e+03 1.50200e+00
4.99751e+03 1.53823e+00
4.99781e+03 1.57744e+00
4.99811e+03 1.61974e+00
4.99841e+03 1.66510e+00
4.99871e+03 1.71351e+00
4.99901e+03 1.76489e+00
4.99931e+03 1.81916e+00
4.99961e+03 1.87624e+00
4.99991e+03 1.93593e+00
5.00021e+03 1.99796e+00
5.00051e+03 2.06207e+00
5.00081e+03 2.12797e+00
5.00111e+03 2.19531e+00
5.00141e+03 2.26374e+00
5.00171e+03 2.33270e+00
5.00201e+03 2.40177e+00
5.00231e+03 2.47043e+00
5.00261e+03 2.53819e+00
5.00292e+03 2.60451e+00
5.00322e+03 2.66874e+00
5.00352e+03 2.73034e+00
5.00382e+03 2.78879e+00
5.00412e+03 2.84351e+00
5.00442e+03 2.89400e+00
5.00472e+03 2.93972e+00
5.00502e+03 2.98019e+00
5.00532e+03 3.01503e+00
5.00562e+03 3.04387e+00
5.00592e+03 3.06639e+00
5.00622e+03 3.08236e+00
5.00652e+03 3.09159e+00
5.00682e+03 3.09398e+00
5.00712e+03 3.08950e+00
5.00742e+03 3.07819e+00
5.00772e+03 3.06018e+00
5.00802e+03 3.03566e+00
5.00832e+03 3.00489e+00
5.00862e+03 2.96814e+00
5.00892e+03 2.92583e+00
5.00922e+03 2.87838e+00
5.00952e+03 2.82629e+00
5.00982e+03 2.77611e+00
5.01000e+03 2.73794e+00
5.01012e+03 2.70148e+00
5.01042e+03 2.64786e+00
5.01073e+03 2.58291e+00
5.01103e+03 2.51603e+00
5.01133e+03 2.44779e+00
5.01163e+03 2.37869e+00
5.01193e+03 2.30926e+00
5.01223e+03 2.24006e+00
5.01253e+03 2.17158e+00
5.01283e+03 2.10417e+00
5.01313e+03 2.03826e+00
5.01343e+03 1.97418e+00
5.01373e+03 1.91226e+00
5.01403e+03 1.85278e+00
5.01433e+03 1.79594e+00
5.01463e+03 1.74188e+00
5.01493e+03 1.69070e+00
5.01523e+03 1.64257e+00
5.01553e+03 1.59750e+00
5.01583e+03 1.55551e+00
5.01613e+03 1.51651e+00
5.01643e+03 1.48053e+00
5.01673e+03 1.44745e+00
5.01703e+03 1.41722e+00
5.01733e+03 1.38968e+00
5.01763e+03 1.36470e+00
5.01793e+03 1.34216e+00
5.01823e+03 1.32189e+00
5.01854e+03 1.30379e+00
5.01884e+03 1.28766e+00
5.01914e+03 1.27335e+00
5.01944e+03 1.26069e+00
5.01974e+03 1.24958e+00
5.02004e+03 1.23985e+00
5.02034e+03 1.23138e+00
5.02064e+03 1.22402e+00
5.02094e+03 1.21765e+00
5.02124e+03 1.21220e+00
5.02154e+03 1.20753e+00
5.02184e+03 1.20353e+00
5.02214e+03 1.20015e+00
5.02244e+03 1.19730e+00
5.02274e+03 1.19491e+00
5.02304e+03 1.19290e+00
5.02334e+03 1.19125e+00
5.02364e+03 1.18988e+00
5.02394e+03 1.18876e+00
5.02424e+03 1.18785e+00
5.02454e+03 1.18712e+00
5.02484e+03 1.18653e+00
5.02514e+03 1.18607e+00
5.02544e+03 1.18573e+00
5.02574e+03 1.18547e+00
5.02604e+03 1.18527e+00
5.02635e+03 1.18513e+00
5.02665e+03 1.18504e+00
5.02695e+03 1.18499e+00
5.02725e+03 1.18498e+00
5.02755e+03 1.18498e+00
5.02785e+03 1.18502e+00
5.02815e+03 1.18506e+00
5.02845e+03 1.18512e+00
5.02875e+03 1.18519e+00
5.02905e+03 1.18526e+00
5.02935e+03 1.18535e+00
5.02965e+03 1.18544e+00
5.02995e+03 1.18550e+00
5.03000e+03 1.18554e+00
5.03025e+03 1.18535e+00
5.03055e+03 1.18510e+00
5.03085e+03 1.18486e+00
5.03115e+03 1.18463e+00
5.03145e+03 1.18439e+00
5.03175e+03 1.18414e+00
5.03205e+03 1.18390e+00
5.03235e+03 1.18366e+00
5.03265e+03 1.18343e+00
5.03295e+03 1.18319e+00
5.03325e+03 1.18295e+00
5.03355e+03 1.18271e+00
5.03385e+03 1.18249e+00
5.03416e+03 1.18224e+00
5.03446e+03 1.18202e+00
5.03476e+03 1.18177e+00
5.03506e+03 1.18155e+00
5.03536e+03 1.18130e+00
5.03566e+03 1.18106e+00
5.03596e+03 1.18083e+00
5.03626e+03 1.17939e+00
5.05000e+03 1.17209e+00
5.07000e+03 1.17049e+00
5.09000e+03 1.15689e+00
5.11000e+03 1.14759e+00
5.13000e+03 1.13369e+00
5.15000e+03 1.11994e+00
5.17000e+03 1.10665e+00
5.19000e+03 1.10119e+00
5.21000e+03 1.09697e+00
5.23000e+03 1.09425e+00
5.25000e+03 1.08911e+00
5.27000e+03 1.07136e+00
5.29000e+03 1.07596e+00
5.31000e+03 1.07202e+00
5.33000e+03 1.05529e+00
5.35000e+03 1.05512e+00
5.37000e+03 1.04807e+00
5.39000e+03 1.03585e+00
5.41000e+03 1.02379e+00
5.43000e+03 1.01975e+00
5.45000e+03 1.01692e+00
5.47000e+03 1.00639e+00
5.49000e+03 9.98643e-01
5.51000e+03 9.90410e-01
5.53000e+03 9.86040e-01
5.55000e+03 9.80624e-01
5.57000e+03 9.71112e-01
5.59000e+03 9.61717e-01
5.61000e+03 9.58003e-01
5.63000e+03 9.49760e-01
5.65000e+03 9.42237e-01
5.67000e+03 9.32552e-01
5.69000e+03 9.25798e-01
5.71000e+03 9.11348e-01
5.73000e+03 9.11117e-01
5.75000e+03 9.01110e-01
5.77000e+03 8.95365e-01
5.79000e+03 8.86566e-01
5.81000e+03 8.87554e-01
5.83000e+03 8.86287e-01
5.85000e+03 8.76663e-01
5.87000e+03 8.62329e-01
5.89000e+03 8.53062e-01
5.91000e+03 8.54804e-01
5.93000e+03 8.50250e-01
5.95000e+03 8.43710e-01
5.97000e+03 8.39730e-01
5.99000e+03 8.30794e-01
6.01000e+03 8.23293e-01
6.03000e+03 8.20438e-01
6.05000e+03 8.17060e-01
6.07000e+03 8.10413e-01
6.09000e+03 8.00179e-01
6.11000e+03 7.93055e-01
6.13000e+03 7.82090e-01
6.15000e+03 7.77021e-01
6.17000e+03 7.69897e-01
6.19000e+03 7.70033e-01
6.21000e+03 7.64159e-01
6.23000e+03 7.53927e-01
6.25000e+03 7.44835e-01
6.27000e+03 7.45778e-01
6.29000e+03 7.43092e-01
6.31000e+03 7.33079e-01
6.33000e+03 7.29711e-01
6.35000e+03 7.24138e-01
6.37000e+03 7.19656e-01
6.39000e+03 7.17474e-01
6.41000e+03 7.11428e-01
6.43000e+03 7.08229e-01
6.45000e+03 7.03774e-01
6.47000e+03 6.99126e-01
6.49000e+03 6.91861e-01
6.51000e+03 6.89915e-01
6.52364e+03 6.85782e-01
6.52404e+03 6.84845e-01
6.52443e+03 6.84678e-01
6.52482e+03 6.84510e-01
6.52522e+03 6.84343e-01
6.52561e+03 6.84176e-01
6.52600e+03 6.84009e-01
6.52640e+03 6.83842e-01
6.52679e+03 6.83675e-01
6.52719e+03 6.83509e-01
6.52758e+03 6.83343e-01
6.52797e+03 6.83177e-01
6.52837e+03 6.83012e-01
6.52876e+03 6.82846e-01
6.52915e+03 6.82683e-01
6.52955e+03 6.82521e-01
6.52994e+03 6.82377e-01
6.53000e+03 6.82239e-01
6.53034e+03 6.81790e-01
6.53073e+03 6.81194e-01
6.53112e+03 6.80582e-01
6.53152e+03 6.79973e-01
6.53191e+03 6.79374e-01
6.53230e+03 6.78780e-01
6.53270e+03 6.78197e-01
6.53309e+03 6.77628e-01
6.53349e+03 6.77076e-01
6.53388e+03 6.76544e-01
6.53427e+03 6.76041e-01
6.53467e+03 6.75574e-01
6.53506e+03 6.75147e-01
6.53546e+03 6.74777e-01
6.53585e+03 6.74476e-01
6.53624e+03 6.74259e-01
6.53664e+03 6.74147e-01
6.53703e+03 6.74166e-01
6.53742e+03 6.74346e-01
6.53782e+03 6.74721e-01
6.53821e+03 6.75334e-01
6.53860e+03 6.76240e-01
6.53900e+03 6.77492e-01
6.53939e+03 6.79170e-01
6.53979e+03 6.81353e-01
6.54018e+03 6.84139e-01
6.54057e+03 6.87644e-01
6.54097e+03 6.92000e-01
6.54136e+03 6.97356e-01
6.54176e+03 7.03883e-01
6.54215e+03 7.11782e-01
6.54254e+03 7.21277e-01
6.54294e+03 7.32617e-01
6.54333e+03 7.46080e-01
6.54372e+03 7.61980e-01
6.54412e+03 7.80661e-01
6.54451e+03 8.02497e-01
6.54491e+03 8.27902e-01
6.54530e+03 8.57317e-01
6.54569e+03 8.91223e-01
6.54609e+03 9.30129e-01
6.54648e+03 9.74570e-01
6.54687e+03 1.02510e+00
6.54727e+03 1.08229e+00
6.54766e+03 1.14678e+00
6.54806e+03 1.21915e+00
6.54845e+03 1.30001e+00
6.54884e+03 1.38996e+00
6.54924e+03 1.48958e+00
6.54963e+03 1.59751e+00
6.55000e+03 1.68452e+00
6.55002e+03 1.74924e+00
6.55042e+03 1.85093e+00
6.55081e+03 1.99350e+00
6.55121e+03 2.14790e+00
6.55160e+03 2.31426e+00
6.55199e+03 2.49268e+00
6.55239e+03 2.68308e+00
6.55278e+03 2.88520e+00
6.55317e+03 3.09873e+00
6.55357e+03 3.32324e+00
6.55396e+03 3.55798e+00
6.55436e+03 3.80203e+00
6.55475e+03 4.05437e+00
6.55514e+03 4.31376e+00
6.55554e+03 4.57881e+00
6.55593e+03 4.84795e+00
6.55633e+03 5.11943e+00
6.55672e+03 5.39138e+00
6.55711e+03 5.66184e+00
6.55751e+03 5.92868e+00
6.55790e+03 6.18968e+00
6.55829e+03 6.44269e+00
6.55869e+03 6.68557e+00
6.55908e+03 6.91600e+00
6.55948e+03 7.13183e+00
6.55987e+03 7.33099e+00
6.56026e+03 7.51144e+00
6.56066e+03 7.67141e+00
6.56105e+03 7.80922e+00
6.56144e+03 7.92343e+00
6.56184e+03 8.01285e+00
6.56223e+03 8.07650e+00
6.56263e+03 8.11368e+00
6.56302e+03 8.12397e+00
6.56341e+03 8.10729e+00
6.56381e+03 8.06378e+00
6.56420e+03 7.99388e+00
6.56459e+03 7.89833e+00
6.56499e+03 7.77814e+00
6.56538e+03 7.63457e+00
6.56578e+03 7.46905e+00
6.56617e+03 7.28332e+00
6.56656e+03 7.07919e+00
6.56696e+03 6.85866e+00
6.56735e+03 6.62385e+00
6.56775e+03 6.37691e+00
6.56814e+03 6.12018e+00
6.56853e+03 5.85578e+00
6.56893e+03 5.58586e+00
6.56932e+03 5.31265e+00
6.56971e+03 5.05693e+00
6.57000e+03 4.87017e+00
6.57011e+03 4.71623e+00
6.57050e+03 4.49696e+00
6.57090e+03 4.23294e+00
6.57129e+03 3.97478e+00
6.57168e+03 3.72388e+00
6.57208e+03 3.48142e+00
6.57247e+03 3.24846e+00
6.57286e+03 3.02580e+00
6.57326e+03 2.81419e+00
6.57365e+03 2.61407e+00
6.57405e+03 2.42571e+00
6.57444e+03 2.24935e+00
6.57483e+03 2.08505e+00
6.57523e+03 1.93269e+00
6.57562e+03 1.79211e+00
6.57601e+03 1.66299e+00
6.57641e+03 1.54496e+00
6.57680e+03 1.43755e+00
6.57720e+03 1.34028e+00
6.57759e+03 1.25258e+00
6.57798e+03 1.17389e+00
6.57838e+03 1.10358e+00
6.57877e+03 1.04106e+00
6.57916e+03 9.85765e-01
6.57956e+03 9.37049e-01
6.57995e+03 8.94329e-01
6.58035e+03 8.57063e-01
6.58074e+03 8.24716e-01
6.58113e+03 7.96789e-01
6.58153e+03 7.72804e-01
6.58192e+03 7.52325e-01
6.58231e+03 7.34942e-01
6.58271e+03 7.20286e-01
6.58310e+03 7.08021e-01
6.58350e+03 6.97834e-01
6.58389e+03 6.89454e-01
6.58428e+03 6.82633e-01
6.58468e+03 6.77152e-01
6.58507e+03 6.72816e-01
6.58546e+03 6.69457e-01
6.58586e+03 6.66926e-01
6.58625e+03 6.65097e-01
6.58665e+03 6.63854e-01
6.58704e+03 6.63105e-01
6.58743e+03 6.62764e-01
6.58783e+03 6.62766e-01
6.58822e+03 6.63049e-01
6.58862e+03 6.63563e-01
6.58901e+03 6.64268e-01
6.58940e+03 6.65126e-01
6.58980e+03 6.65975e-01
6.59000e+03 6.66573e-01
6.59019e+03 6.66521e-01
6.59058e+03 6.66353e-01
6.59098e+03 6.66228e-01
6.59137e+03 6.66157e-01
6.59177e+03 6.66129e-01
6.59216e+03 6.66133e-01
6.59255e+03 6.66164e-01
6.59295e+03 6.66216e-01
6.59334e+03 6.66283e-01
6.59373e+03 6.66365e-01
6.59413e+03 6.66454e-01
6.59452e+03 6.66552e-01
6.59492e+03 6.66656e-01
6.59531e+03 6.66765e-01
6.59570e+03 6.66876e-01
6.59610e+03 6.66991e-01
6.59649e+03 6.67107e-01
6.59688e+03 6.67225e-01
6.59728e+03 6.67343e-01
6.59767e+03 6.67462e-01
6.59807e+03 6.67583e-01
6.59846e+03 6.67705e-01
6.59885e+03 6.67824e-01
6.59925e+03 6.67946e-01
6.59964e+03 6.68068e-01
6.60004e+03 6.68189e-01
6.60043e+03 6.68311e-01
6.60082e+03 6.68433e-01
6.60122e+03 6.68555e-01
6.60161e+03 6.68676e-01
6.60200e+03 6.69728e-01
6.61000e+03 6.71226e-01
6.63000e+03 6.68920e-01
6.65000e+03 6.65391e-01
6.67000e+03 6.58636e-01
6.69000e+03 6.56184e-01
6.71000e+03 6.51577e-01
6.73000e+03 6.50835e-01
6.75000e+03 6.46169e-01
6.77000e+03 6.43227e-01
6.79000e+03 6.38783e-01
6.81000e+03 6.36270e-01
6.83000e+03 6.33952e-01
6.85000e+03 6.28658e-01
6.87000e+03 6.27200e-01
6.89000e+03 6.25813e-01
6.91000e+03 6.22605e-01
6.93000e+03 6.18180e-01
6.95000e+03 6.14293e-01
6.97000e+03 6.12760e-01
6.99000e+03 6.08865e-01
7.01000e+03 6.03966e-01
7.03000e+03 6.03387e-01
7.05000e+03 6.01327e-01
7.07000e+03 5.93680e-01
7.09000e+03 5.88975e-01
7.11000e+03 5.82469e-01
7.13000e+03 5.77616e-01
7.15000e+03 5.75164e-01
7.17000e+03 5.73040e-01
7.19000e+03 5.68587e-01
7.21000e+03 5.68463e-01
7.23000e+03 5.68062e-01
7.25000e+03 5.66648e-01
7.27000e+03 5.63630e-01
7.29000e+03 5.58545e-01
7.31000e+03 5.58607e-01
7.33000e+03 5.57128e-01
7.35000e+03 5.55468e-01
7.37000e+03 5.55416e-01
7.39000e+03 5.50684e-01
7.41000e+03 5.47276e-01
7.43000e+03 5.46477e-01
7.45000e+03 5.44575e-01
7.47000e+03 5.42718e-01
7.49000e+03 5.40167e-01
7.51000e+03 5.39222e-01
7.53000e+03 5.38758e-01
7.55000e+03 5.37242e-01
7.57000e+03 5.33861e-01
7.59000e+03 5.28678e-01
7.61000e+03 5.24713e-01
7.63000e+03 5.20413e-01
7.65000e+03 5.15376e-01
7.67000e+03 5.08586e-01
7.69000e+03 5.07539e-01
7.71000e+03 5.03307e-01
7.73000e+03 5.00344e-01
7.75000e+03 4.97268e-01
7.77000e+03 4.95322e-01
7.79000e+03 4.94646e-01
7.81000e+03 4.92009e-01
7.83000e+03 4.88159e-01
7.85000e+03 4.83759e-01
7.87000e+03 4.81386e-01
7.89000e+03 4.75696e-01
7.91000e+03 4.70462e-01
7.93000e+03 4.68016e-01
7.95000e+03 4.64677e-01
7.97000e+03 4.65906e-01
7.99000e+03 4.63841e-01
8.01000e+03 4.62322e-01
8.03000e+03 4.60279e-01
8.05000e+03 4.57559e-01
8.07000e+03 4.55218e-01
8.09000e+03 4.51263e-01
8.11000e+03 4.49585e-01
8.13000e+03 4.50410e-01
8.15000e+03 4.49786e-01
8.17000e+03 4.48608e-01
8.19000e+03 4.42502e-01
8.21000e+03 4.30528e-01
8.23000e+03 4.27483e-01
8.25000e+03 4.26012e-01
8.27000e+03 4.24683e-01
8.29000e+03 4.20801e-01
8.31000e+03 4.14432e-01
8.33000e+03 4.11270e-01
8.35000e+03 4.09124e-01
8.37000e+03 4.06947e-01
8.39000e+03 4.02786e-01
8.41000e+03 4.02839e-01
8.43000e+03 3.97826e-01
8.45000e+03 3.93475e-01
8.47000e+03 3.90600e-01
8.49000e+03 3.91849e-01
8.51000e+03 3.83340e-01
8.53000e+03 3.88018e-01
8.55000e+03 3.75489e-01
8.57000e+03 3.89932e-01
8.59000e+03 3.82097e-01
8.61000e+03 3.80735e-01
8.63000e+03 3.90665e-01
8.65000e+03 3.83133e-01
8.67000e+03 3.62698e-01
8.69000e+03 3.80318e-01
8.71000e+03 3.88130e-01
8.73000e+03 3.80826e-01
8.75000e+03 3.62950e-01
8.77000e+03 3.75513e-01
8.79000e+03 3.84781e-01
8.81000e+03 3.83352e-01
8.83000e+03 3.79241e-01
8.85000e+03 3.65304e-01
8.87000e+03 3.49879e-01
8.89000e+03 3.66034e-01
8.91000e+03 3.72621e-01
8.93000e+03 3.70560e-01
8.95000e+03 3.69105e-01
8.97000e+03 3.66372e-01
8.99000e+03 3.57563e-01
9.01000e+03 3.37674e-01
9.03000e+03 3.46191e-01
9.05000e+03 3.60809e-01
9.07000e+03 3.62991e-01
9.09000e+03 3.60871e-01
9.11000e+03 3.61583e-01
9.13000e+03 3.62334e-01
9.15000e+03 3.60202e-01
9.17000e+03 3.57817e-01
9.19000e+03 3.54494e-01
9.21000e+03 3.40136e-01
9.23000e+03 3.20352e-01
9.25000e+03 3.31898e-01
9.27000e+03 3.39897e-01
9.29000e+03 3.40974e-01
9.31000e+03 3.40872e-01
9.33000e+03 3.39977e-01
9.35000e+03 3.37625e-01
9.37000e+03 3.35114e-01
9.39000e+03 3.35002e-01
9.41000e+03 3.32149e-01
9.43000e+03 3.33197e-01
9.45000e+03 3.31095e-01
9.47000e+03 3.31258e-01
9.49000e+03 3.29375e-01
9.51000e+03 3.23236e-01
9.53000e+03 3.13486e-01
9.55000e+03 2.98746e-01
9.57000e+03 3.12420e-01
9.59000e+03 3.20181e-01
9.61000e+03 3.19704e-01
9.63000e+03 3.18809e-01
9.65000e+03 3.16730e-01
9.67000e+03 3.15473e-01
9.69000e+03 3.15378e-01
9.71000e+03 3.12442e-01
9.73000e+03 3.09816e-01
9.75000e+03 3.08009e-01
9.77000e+03 3.06931e-01
9.79000e+03 3.05162e-01
9.81000e+03 3.05866e-01
9.83000e+03 3.04124e-01
9.85000e+03 3.03169e-01
9.87000e+03 3.01377e-01
9.89000e+03 2.99817e-01
9.91000e+03 2.98430e-01
9.93000e+03 2.97765e-01
9.95000e+03 2.96846e-01
9.97000e+03 2.95578e-01
9.99000e+03 2.92581e-01
1.00250e+04 2.84702e-01
1.00750e+04 2.79540e-01
1.01250e+04 2.84531e-01
1.01750e+04 2.83574e-01
1.02250e+04 2.81785e-01
1.02750e+04 2.79620e-01
1.03250e+04 2.75865e-01
1.03750e+04 2.72810e-01
1.04250e+04 2.70397e-01
1.04750e+04 2.66407e-01
1.05250e+04 2.62399e-01
1.05750e+04 2.57826e-01
1.06250e+04 2.54167e-01
1.06750e+04 2.51227e-01
1.07250e+04 2.49960e-01
1.07750e+04 2.47278e-01
1.08250e+04 2.43660e-01
1.08750e+04 2.39603e-01
1.09250e+04 2.30784e-01
1.09750e+04 2.32158e-01
1.10250e+04 2.33024e-01
1.10750e+04 2.30592e-01
1.11250e+04 2.28658e-01
1.11750e+04 2.26547e-01
1.12250e+04 2.24806e-01
1.12750e+04 2.22324e-01
1.13250e+04 2.20493e-01
1.13750e+04 2.18753e-01
1.14250e+04 2.16771e-01
1.14750e+04 2.16083e-01
1.15250e+04 2.14499e-01
1.15750e+04 2.12203e-01
1.16250e+04 2.09628e-01
1.16750e+04 2.08343e-01
1.17250e+04 2.07299e-01
1.17750e+04 2.04445e-01
1.18250e+04 2.02174e-01
1.18750e+04 1.99794e-01
1.19250e+04 1.99371e-01
1.19750e+04 1.96693e-01
1.20250e+04 1.96787e-01
1.20750e+04 1.95568e-01
1.21250e+04 1.94632e-01
1.21750e+04 1.93779e-01
1.22250e+04 1.92350e-01
1.22750e+04 1.90865e-01
1.23250e+04 1.89417e-01
1.23750e+04 1.88181e-01
1.24250e+04 1.86386e-01
1.24750e+04 1.84936e-01
1.25250e+04 1.83352e-01
1.25750e+04 1.82041e-01
1.26250e+04 1.80728e-01
1.26750e+04 1.79305e-01
1.27250e+04 1.78011e-01
1.27750e+04 1.75053e-01
1.28250e+04 1.68789e-01
1.28750e+04 1.72401e-01
1.29250e+04 1.72466e-01
1.29750e+04 1.72081e-01
1.30250e+04 1.70629e-01
1.30750e+04 1.69501e-01
1.31250e+04 1.67209e-01
1.31750e+04 1.65586e-01
1.32250e+04 1.64178e-01
1.32750e+04 1.62014e-01
1.33250e+04 1.60842e-01
1.33750e+04 1.59152e-01
1.34250e+04 1.58059e-01
1.34750e+04 1.56473e-01
1.35250e+04 1.54776e-01
1.35750e+04 1.52620e-01
1.36250e+04 1.51195e-01
1.36750e+04 1.50439e-01
1.37250e+04 1.49627e-01
1.37750e+04 1.48570e-01
1.38250e+04 1.47559e-01
1.38750e+04 1.45668e-01
1.39250e+04 1.42400e-01
1.39750e+04 1.40698e-01
1.40250e+04 1.39142e-01
1.40750e+04 1.38460e-01
1.41250e+04 1.37094e-01
1.41750e+04 1.36431e-01
1.42250e+04 1.34832e-01
1.42750e+04 1.33323e-01
1.43250e+04 1.33234e-01
1.43750e+04 1.32503e-01
1.44250e+04 1.30538e-01
1.44750e+04 1.30455e-01
1.45250e+04 1.29317e-01
1.45700e+04 1.28622e-01
1.46200e+04 1.26262e-01
1.46750e+04 1.24915e-01
1.47250e+04 1.23586e-01
1.47750e+04 1.23114e-01
1.48250e+04 1.22566e-01
1.48750e+04 1.21747e-01
1.49250e+04 1.21956e-01
1.49750e+04 1.20959e-01
1.50250e+04 1.19962e-01
1.50750e+04 1.19142e-01
1.51250e+04 1.19297e-01
1.51750e+04 1.19002e-01
1.52250e+04 1.18574e-01
1.52750e+04 1.18094e-01
1.53250e+04 1.17353e-01
1.53750e+04 1.16828e-01
1.54250e+04 1.15622e-01
1.54750e+04 1.15345e-01
1.55250e+04 1.14024e-01
1.55750e+04 1.11138e-01
1.56250e+04 1.11280e-01
1.56750e+04 1.10770e-01
1.57250e+04 1.10670e-01
1.57750e+04 1.07844e-01
1.58250e+04 1.06692e-01
1.58750e+04 1.05644e-01
1.59250e+04 1.07454e-01
1.59750e+04 1.06743e-01
1.60500e+04 1.06983e-01
1.61500e+04 1.06430e-01
1.62500e+04 1.05560e-01
1.63500e+04 1.05098e-01
1.64500e+04 1.02611e-01
1.65500e+04 1.03242e-01
1.66500e+04 1.02081e-01
1.67500e+04 1.00416e-01
1.68500e+04 9.87134e-02
1.69500e+04 9.88541e-02
1.70500e+04 9.75530e-02
1.71500e+04 9.61449e-02
1.72500e+04 9.39323e-02
1.73500e+04 9.09617e-02
1.74500e+04 9.01464e-02
1.75500e+04 8.87234e-02
1.76500e+04 8.67291e-02
1.77500e+04 8.45792e-02
1.78500e+04 8.27279e-02
1.79500e+04 8.05824e-02
1.80500e+04 7.83760e-02
1.81500e+04 7.60244e-02
1.82500e+04 7.53326e-02
1.83500e+04 7.44616e-02
1.84500e+04 7.29518e-02
1.85500e+04 7.15079e-02
1.86500e+04 6.94045e-02
1.87500e+04 6.72476e-02
1.88500e+04 6.71396e-02
1.89500e+04 6.58358e-02
1.90500e+04 6.55143e-02
1.91500e+04 6.45579e-02
1.92500e+04 6.35319e-02
1.93500e+04 6.19649e-02
1.94500e+04 6.00073e-02
1.95500e+04 5.97606e-02
1.96500e+04 5.87562e-02
1.97500e+04 5.74717e-02
1.98500e+04 5.64992e-02
1.99500e+04 5.56387e-02
2.00500e+04 5.49223e-02
2.01500e+04 5.40448e-02
2.02500e+04 5.29658e-02
2.03500e+04 5.22523e-02
2.04500e+04 5.17952e-02
2.05500e+04 5.10359e-02
2.06500e+04 5.03012e-02
2.07500e+04 4.96708e-02
2.08500e+04 4.89463e-02
2.09500e+04 4.82262e-02
2.10500e+04 4.77456e-02
2.11500e+04 4.69806e-02
2.12500e+04 4.63101e-02
2.13500e+04 4.58237e-02
2.14500e+04 4.51427e-02
2.15500e+04 4.42783e-02
2.16500e+04 4.30619e-02
2.17500e+04 4.27868e-02
2.18500e+04 4.23903e-02
2.19500e+04 4.18361e-02
2.20500e+04 4.11086e-02
2.21500e+04 4.06828e-02
2.22500e+04 3.99534e-02
2.23500e+04 3.93835e-02
2.24500e+04 3.88634e-02
2.25500e+04 3.83080e-02
2.26500e+04 3.76872e-02
2.27500e+04 3.72481e-02
2.28500e+04 3.60617e-02
2.29500e+04 3.33477e-02
2.30500e+04 3.36484e-02
2.31500e+04 3.31145e-02
2.32500e+04 3.09565e-02
2.33500e+04 3.13031e-02
2.34500e+04 3.04263e-02
2.35500e+04 2.88352e-02
2.36500e+04 2.93407e-02
2.37500e+04 2.85973e-02
2.38500e+04 2.73186e-02
2.39500e+04 2.76502e-02
2.40500e+04 2.71377e-02
2.41500e+04 2.59584e-02
2.42500e+04 2.60553e-02
2.43500e+04 2.55402e-02
2.44500e+04 2.46392e-02
2.45500e+04 2.42450e-02
2.46500e+04 2.40872e-02
2.47500e+04 2.33886e-02
2.48500e+04 2.24759e-02
2.49500e+04 2.22605e-02
2.50500e+04 2.22607e-02
2.51500e+04 2.14583e-02
2.52500e+04 2.14306e-02
2.53500e+04 2.13352e-02
2.54500e+04 2.10340e-02
2.55500e+04 2.07755e-02
2.56500e+04 2.06311e-02
2.57500e+04 2.06306e-02
2.58500e+04 2.02130e-02
2.59500e+04 2.01374e-02
2.60500e+04 2.00552e-02
2.61500e+04 1.96402e-02
2.62500e+04 1.92810e-02
2.63500e+04 1.94176e-02
2.64500e+04 1.93255e-02
2.65500e+04 1.90678e-02
2.66500e+04 1.87642e-02
2.67500e+04 1.87111e-02
2.68500e+04 1.86067e-02
2.69500e+04 1.83090e-02
2.70500e+04 1.82534e-02
2.71500e+04 1.80962e-02
2.72500e+04 1.79663e-02
2.73500e+04 1.76475e-02
2.74500e+04 1.75282e-02
2.75500e+04 1.73065e-02
2.76500e+04 1.71332e-02
2.77500e+04 1.69491e-02
2.78500e+04 1.68944e-02
2.79500e+04 1.67909e-02
2.80500e+04 1.65989e-02
2.81500e+04 1.63771e-02
2.82500e+04 1.62665e-02
2.83500e+04 1.61461e-02
2.84500e+04 1.59771e-02
2.85500e+04 1.57799e-02
2.86500e+04 1.55659e-02
2.87500e+04 1.53113e-02
2.88500e+04 1.52582e-02
2.89500e+04 1.51442e-02
2.90500e+04 1.50005e-02
2.91500e+04 1.48468e-02
2.92500e+04 1.46469e-02
2.93500e+04 1.45553e-02
2.94500e+04 1.43750e-02
2.95500e+04 1.42333e-02
2.96500e+04 1.41191e-02
2.97500e+04 1.39661e-02
2.98500e+04 1.38073e-02
2.99500e+04 1.36717e-02
3.00500e+04 1.35286e-02
3.01500e+04 1.34132e-02
3.02500e+04 1.32349e-02
3.03500e+04 1.30027e-02
3.04500e+04 1.29566e-02
3.05500e+04 1.28821e-02
3.06500e+04 1.27818e-02
3.07500e+04 1.26817e-02
3.08500e+04 1.25545e-02
3.09500e+04 1.24618e-02
3.10500e+04 1.23692e-02
3.11500e+04 1.22198e-02
3.12500e+04 1.21290e-02
3.13500e+04 1.20195e-02
3.14500e+04 1.19123e-02
3.15500e+04 1.18030e-02
3.16500e+04 1.16845e-02
3.17500e+04 1.15883e-02
3.18500e+04 1.14885e-02
3.19500e+04 1.13934e-02
3.21000e+04 1.12402e-02
3.23000e+04 1.10439e-02
3.25000e+04 1.08548e-02
3.27000e+04 1.06283e-02
3.29000e+04 1.03279e-02
3.31000e+04 1.01780e-02
3.33000e+04 1.00225e-02
3.35000e+04 9.85177e-03
3.37000e+04 9.66264e-03
3.39000e+04 9.48012e-03
3.41000e+04 9.29822e-03
3.43000e+04 9.13383e-03
3.45000e+04 8.96643e-03
3.47000e+04 8.79570e-03
3.49000e+04 8.63267e-03
3.51000e+04 8.47453e-03
3.53000e+04 8.30556e-03
3.55000e+04 8.15259e-03
3.57000e+04 7.99604e-03
3.59000e+04 7.84642e-03
3.61000e+04 7.71177e-03
3.63000e+04 7.56373e-03
3.65000e+04 7.41065e-03
3.67000e+04 7.26917e-03
3.69000e+04 7.11563e-03
3.71000e+04 6.97878e-03
3.73000e+04 6.83743e-03
3.75000e+04 6.68380e-03
3.77000e+04 6.59743e-03
3.79000e+04 6.47859e-03
3.81000e+04 6.36502e-03
3.83000e+04 6.25382e-03
3.85000e+04 6.14363e-03
3.87000e+04 6.02086e-03
3.89000e+04 5.90867e-03
3.91000e+04 5.79496e-03
3.93000e+04 5.69948e-03
3.95000e+04 5.58478e-03
3.97000e+04 5.48516e-03
3.99000e+04 5.37345e-03
4.01000e+04 5.28131e-03
4.03000e+04 5.18529e-03
4.05000e+04 5.06906e-03
4.07000e+04 5.00642e-03
4.09000e+04 4.92667e-03
4.11000e+04 4.84593e-03
4.13000e+04 4.76129e-03
4.15000e+04 4.66938e-03
4.17000e+04 4.57511e-03
4.19000e+04 4.51104e-03
4.21000e+04 4.43339e-03
4.23000e+04 4.36514e-03
4.25000e+04 4.28684e-03
4.27000e+04 4.20644e-03
4.29000e+04 4.05039e-03
4.31000e+04 3.90920e-03
4.33000e+04 3.86007e-03
4.35000e+04 3.73270e-03
4.37000e+04 3.63274e-03
4.39000e+04 3.55928e-03
4.41000e+04 3.45096e-03
4.43000e+04 3.39680e-03
4.45000e+04 3.32715e-03
4.47000e+04 3.23063e-03
4.49000e+04 3.19865e-03
4.51000e+04 3.13131e-03
4.53000e+04 3.06206e-03
4.55000e+04 3.03491e-03
4.57000e+04 2.99018e-03
4.59000e+04 2.91831e-03
4.61000e+04 2.89683e-03
4.63000e+04 2.84435e-03
4.65000e+04 2.78764e-03
4.67000e+04 2.76318e-03
4.69000e+04 2.72990e-03
4.71000e+04 2.68900e-03
4.73000e+04 2.66881e-03
4.75000e+04 2.62484e-03
4.77000e+04 2.58989e-03
4.79000e+04 2.55329e-03
4.81000e+04 2.51076e-03
4.83000e+04 2.49312e-03
4.85000e+04 2.45396e-03
4.87000e+04 2.41259e-03
4.89000e+04 2.38076e-03
4.91000e+04 2.34768e-03
4.93000e+04 2.31573e-03
4.95000e+04 2.28128e-03
4.97000e+04 2.25822e-03
4.99000e+04 2.22349e-03
5.01000e+04 2.19801e-03
5.03000e+04 2.16839e-03
5.05000e+04 2.13206e-03
5.07000e+04 2.10783e-03
5.09000e+04 2.07988e-03
5.11000e+04 2.04639e-03
5.13000e+04 2.01449e-03
5.15000e+04 1.99545e-03
5.17000e+04 1.98132e-03
5.19000e+04 1.95332e-03
5.21000e+04 1.92708e-03
5.23000e+04 1.90057e-03
5.25000e+04 1.88138e-03
5.27000e+04 1.86508e-03
5.29000e+04 1.83112e-03
5.31000e+04 1.80494e-03
5.33000e+04 1.78714e-03
5.35000e+04 1.76533e-03
5.37000e+04 1.74391e-03
5.39000e+04 1.72349e-03
5.41000e+04 1.70225e-03
5.43000e+04 1.67819e-03
5.45000e+04 1.66286e-03
5.47000e+04 1.63949e-03
5.49000e+04 1.62193e-03
5.51000e+04 1.60176e-03
5.53000e+04 1.59291e-03
5.55000e+04 1.56570e-03
5.57000e+04 1.55210e-03
5.59000e+04 1.53179e-03
5.61000e+04 1.51699e-03
5.63000e+04 1.49487e-03
5.65000e+04 1.48170e-03
5.67000e+04 1.46373e-03
5.69000e+04 1.44263e-03
5.71000e+04 1.43115e-03
5.73000e+04 1.41559e-03
5.75000e+04 1.39850e-03
5.77000e+04 1.38218e-03
5.79000e+04 1.36903e-03
5.81000e+04 1.35191e-03
5.83000e+04 1.33592e-03
5.85000e+04 1.31508e-03
5.87000e+04 1.29634e-03
5.89000e+04 1.28024e-03
5.91000e+04 1.26150e-03
5.93000e+04 1.25355e-03
5.95000e+04 1.23994e-03
5.97000e+04 1.22846e-03
5.99000e+04 1.21507e-03
6.01000e+04 1.20149e-03
6.03000e+04 1.18753e-03
6.05000e+04 1.17253e-03
6.07000e+04 1.15964e-03
6.09000e+04 1.14630e-03
6.11000e+04 1.13324e-03
6.13000e+04 1.12208e-03
6.15000e+04 1.11087e-03
6.17000e+04 1.10013e-03
6.19000e+04 1.08775e-03
6.21000e+04 1.07658e-03
6.23000e+04 1.06338e-03
6.25000e+04 1.05045e-03
6.27000e+04 1.03916e-03
6.29000e+04 1.02832e-03
6.31000e+04 1.01733e-03
6.33000e+04 1.00782e-03
6.35000e+04 9.96706e-04
6.37000e+04 9.87328e-04
6.39000e+04 9.75164e-04
6.42000e+04 9.59782e-04
6.46000e+04 9.39603e-04
6.50000e+04 9.20073e-04
6.54000e+04 9.00791e-04
6.58000e+04 8.82593e-04
6.62000e+04 8.64147e-04
6.66000e+04 8.46505e-04
6.70000e+04 8.29368e-04
6.74000e+04 8.12171e-04
6.78000e+04 7.95726e-04
6.82000e+04 7.79713e-04
6.86000e+04 7.64413e-04
6.90000e+04 7.48937e-04
6.94000e+04 7.34131e-04
6.98000e+04 7.19719e-04
7.02000e+04 7.05495e-04
7.06000e+04 6.91948e-04
7.10000e+04 6.78497e-04
7.14000e+04 6.65523e-04
7.18000e+04 6.52631e-04
7.22000e+04 6.40264e-04
7.26000e+04 6.28038e-04
7.30000e+04 6.16190e-04
7.34000e+04 6.04600e-04
7.38000e+04 5.92918e-04
7.42000e+04 5.78751e-04
7.46000e+04 5.65749e-04
7.50000e+04 5.55397e-04
7.54000e+04 5.46957e-04
7.58000e+04 5.37599e-04
7.62000e+04 5.27971e-04
7.66000e+04 5.18432e-04
7.70000e+04 5.09114e-04
7.74000e+04 5.00056e-04
7.78000e+04 4.91228e-04
7.82000e+04 4.82579e-04
7.86000e+04 4.74154e-04
7.90000e+04 4.65861e-04
7.94000e+04 4.57804e-04
7.98000e+04 4.49940e-04
8.02000e+04 4.42102e-04
8.06000e+04 4.34503e-04
8.10000e+04 4.27148e-04
8.14000e+04 4.19914e-04
8.18000e+04 4.12948e-04
8.22000e+04 4.06018e-04
8.26000e+04 3.99291e-04
8.30000e+04 3.92653e-04
8.34000e+04 3.86150e-04
8.38000e+04 3.79830e-04
8.42000e+04 3.73729e-04
8.46000e+04 3.67677e-04
8.50000e+04 3.61771e-04
8.54000e+04 3.55966e-04
8.58000e+04 3.50341e-04
8.62000e+04 3.44804e-04
8.66000e+04 3.39393e-04
8.70000e+04 3.34093e-04
8.74000e+04 3.28879e-04
8.78000e+04 3.23784e-04
8.82000e+04 3.18753e-04
8.86000e+04 3.13889e-04
8.90000e+04 3.09135e-04
8.94000e+04 3.04451e-04
8.98000e+04 2.99816e-04
9.02000e+04 2.95381e-04
9.06000e+04 2.91030e-04
9.10000e+04 2.86385e-04
9.14000e+04 2.81068e-04
9.18000e+04 2.76841e-04
9.22000e+04 2.72836e-04
9.26000e+04 2.68836e-04
9.30000e+04 2.64969e-04
9.34000e+04 2.61159e-04
9.38000e+04 2.57460e-04
9.42000e+04 2.53802e-04
9.46000e+04 2.50196e-04
9.50000e+04 2.46711e-04
9.54000e+04 2.43285e-04
9.58000e+04 2.39958e-04
9.62000e+04 2.36662e-04
9.66000e+04 2.33410e-04
9.70000e+04 2.30233e-04
9.74000e+04 2.27040e-04
9.78000e+04 2.24019e-04
9.82000e+04 2.21086e-04
9.86000e+04 2.18149e-04
9.90000e+04 2.15267e-04
9.94000e+04 2.12376e-04
9.98000e+04 2.09621e-04
1.00200e+05 1.81066e-04
2.00000e+05 2.71947e-05
4.00000e+05 5.30800e-06
6.00000e+05 2.28133e-06
8.00000e+05 1.30991e-06
1.00000e+06 8.60329e-07
1.20000e+06 6.16678e-07
1.40000e+06 4.64722e-07
1.60000e+06 3.61221e-07
