9.10000e+01 2.73836e-03
9.40000e+01 2.71174e-03
9.60000e+01 2.74920e-03
9.80000e+01 2.76799e-03
1.00000e+02 2.78752e-03
1.02000e+02 2.80823e-03
1.04000e+02 2.82987e-03
1.06000e+02 2.85221e-03
1.08000e+02 2.87577e-03
1.10000e+02 2.93354e-03
1.14000e+02 2.95004e-03
1.18000e+02 2.97545e-03
1.21000e+02 3.03654e-03
1.25000e+02 3.03381e-03
1.27000e+02 3.06956e-03
1.28000e+02 3.12571e-03
1.31000e+02 3.10066e-03
1.32000e+02 3.15626e-03
1.34000e+02 3.18289e-03
1.37000e+02 3.21247e-03
1.40000e+02 3.25818e-03
1.43000e+02 3.32062e-03
1.47000e+02 3.36899e-03
1.51000e+02 3.43426e-03
1.55000e+02 3.50186e-03
1.59000e+02 3.55563e-03
1.62000e+02 3.64513e-03
1.66000e+02 3.71205e-03
1.70000e+02 3.78034e-03
1.73000e+02 3.87938e-03
1.77000e+02 3.93606e-03
1.80000e+02 4.00443e-03
1.82000e+02 4.10344e-03
1.86000e+02 4.18245e-03
1.91000e+02 4.24765e-03
1.94000e+02 4.36613e-03
1.98000e+02 4.44215e-03
2.02000e+02 4.51998e-03
2.05000e+02 4.64539e-03
2.10000e+02 4.75418e-03
2.16000e+02 4.85584e-03
2.20000e+02 4.97864e-03
2.23000e+02 5.09692e-03
2.27000e+02 8.99450e-03
2.30000e+02 3.63100e-02
2.34000e+02 3.88902e-02
2.40000e+02 3.72263e-02
2.46000e+02 3.57081e-02
2.52000e+02 3.43088e-02
2.57000e+02 3.32261e-02
2.60000e+02 3.25858e-02
2.64000e+02 3.18125e-02
2.69000e+02 3.07463e-02
2.74000e+02 2.97007e-02
2.79000e+02 2.86197e-02
2.84000e+02 2.78238e-02
2.90000e+02 2.68209e-02
2.96000e+02 2.57443e-02
3.01000e+02 2.48884e-02
3.08000e+02 2.38683e-02
3.18000e+02 2.24105e-02
3.28000e+02 2.10141e-02
3.38000e+02 1.96765e-02
3.48000e+02 1.85007e-02
3.57000e+02 1.77942e-02
3.66000e+02 1.73189e-02
3.75000e+02 1.65071e-02
3.85000e+02 1.55047e-02
3.95000e+02 1.51398e-02
4.05000e+02 1.47451e-02
4.14000e+02 1.41109e-02
4.22000e+02 1.34209e-02
4.30000e+02 1.28724e-02
4.41000e+02 1.24234e-02
4.51000e+02 1.18991e-02
4.60000e+02 1.12538e-02
4.70000e+02 1.07796e-02
4.80000e+02 1.04341e-02
4.90000e+02 9.88120e-03
5.00000e+02 9.67500e-03
5.06000e+02 9.38531e-03
5.12000e+02 9.65217e-03
5.20000e+02 9.31483e-03
5.30000e+02 8.78229e-03
5.40000e+02 8.13936e-03
5.50000e+02 7.78754e-03
5.60000e+02 7.85195e-03
5.70000e+02 7.77720e-03
5.80000e+02 7.50944e-03
5.90000e+02 7.22445e-03
6.00000e+02 6.75319e-03
6.10000e+02 6.44999e-03
6.20000e+02 6.49542e-03
6.30000e+02 6.25279e-03
6.40000e+02 6.17643e-03
6.50000e+02 5.93239e-03
6.58000e+02 5.69178e-03
6.65000e+02 5.71560e-03
6.75000e+02 5.58352e-03
6.85000e+02 5.27678e-03
6.95000e+02 5.20948e-03
7.05000e+02 4.90032e-03
7.16000e+02 4.94978e-03
7.26000e+02 4.86879e-03
7.35000e+02 4.74317e-03
7.45000e+02 4.56762e-03
7.55000e+02 4.39978e-03
7.65000e+02 4.17520e-03
7.75000e+02 4.14221e-03
7.85000e+02 3.95735e-03
7.95000e+02 3.92274e-03
8.05000e+02 3.87331e-03
8.15000e+02 3.78863e-03
8.25000e+02 3.67355e-03
8.35000e+02 3.39656e-03
8.45000e+02 3.45521e-03
8.55000e+02 3.39291e-03
8.65000e+02 3.35395e-03
8.75000e+02 3.29584e-03
8.85000e+02 3.22939e-03
8.95000e+02 3.16591e-03
9.05000e+02 3.38743e-03
9.15000e+02 5.32160e-03
9.25000e+02 7.25624e-03
9.35000e+02 9.03082e-03
9.45000e+02 1.04794e-02
9.55000e+02 1.13571e-02
9.65000e+02 1.11606e-02
9.75000e+02 7.89090e-03
9.85000e+02 9.35347e-03
9.95000e+02 9.51570e-03
1.00500e+03 1.03474e-02
1.01500e+03 1.02999e-02
1.02500e+03 8.86382e-03
1.03500e+03 9.68046e-03
1.04500e+03 1.11410e-02
1.05500e+03 1.08272e-02
1.06500e+03 9.77012e-03
1.07500e+03 9.77968e-03
1.08500e+03 9.16877e-03
1.09500e+03 9.63275e-03
1.10500e+03 9.35281e-03
1.11500e+03 8.97036e-03
1.12500e+03 8.34589e-03
1.13500e+03 8.83885e-03
1.14500e+03 8.59831e-03
1.15500e+03 8.40929e-03
1.16500e+03 7.94442e-03
1.17500e+03 6.61926e-03
1.18500e+03 7.37507e-03
1.19500e+03 6.89526e-03
1.20500e+03 6.26055e-03
1.20872e+03 5.92352e-03
1.20880e+03 7.48910e-03
1.20887e+03 7.70495e-03
1.20894e+03 7.94817e-03
1.20902e+03 8.22159e-03
1.20909e+03 8.52875e-03
1.20916e+03 8.87319e-03
1.20923e+03 9.25848e-03
1.20931e+03 9.68882e-03
1.20938e+03 1.01690e-02
1.20945e+03 1.07035e-02
1.20953e+03 1.12979e-02
1.20960e+03 1.19582e-02
1.20967e+03 1.26898e-02
1.20975e+03 1.34993e-02
1.20982e+03 1.43943e-02
1.20989e+03 1.53818e-02
1.20996e+03 1.64696e-02
1.21004e+03 1.76668e-02
1.21011e+03 1.89823e-02
1.21018e+03 2.04248e-02
1.21026e+03 2.20040e-02
1.21033e+03 2.37316e-02
1.21040e+03 2.56182e-02
1.21047e+03 2.76744e-02
1.21055e+03 2.99138e-02
1.21062e+03 3.23482e-02
1.21069e+03 3.49897e-02
1.21077e+03 3.78536e-02
1.21084e+03 4.09530e-02
1.21091e+03 4.43007e-02
1.21099e+03 4.79140e-02
1.21106e+03 5.18085e-02
1.21113e+03 5.59957e-02
1.21120e+03 6.04912e-02
1.21128e+03 6.53138e-02
1.21135e+03 7.04775e-02
1.21142e+03 7.59957e-02
1.21150e+03 8.18880e-02
1.21157e+03 8.81677e-02
1.21164e+03 9.48475e-02
1.21172e+03 1.01947e-01
1.21179e+03 1.09476e-01
1.21186e+03 1.17449e-01
1.21193e+03 1.25880e-01
1.21201e+03 1.34783e-01
1.21208e+03 1.44164e-01
1.21215e+03 1.54030e-01
1.21223e+03 1.64398e-01
1.21230e+03 1.75270e-01
1.21237e+03 1.86647e-01
1.21244e+03 1.98545e-01
1.21252e+03 2.10956e-01
1.21259e+03 2.23879e-01
1.21266e+03 2.37321e-01
1.21274e+03 2.51273e-01
1.21281e+03 2.65721e-01
1.21288e+03 2.80669e-01
1.21296e+03 2.96106e-01
1.21303e+03 3.12006e-01
1.21310e+03 3.28351e-01
1.21317e+03 3.45137e-01
1.21325e+03 3.62330e-01
1.21332e+03 3.79903e-01
1.21339e+03 3.97841e-01
1.21347e+03 4.16104e-01
1.21354e+03 4.34658e-01
1.21361e+03 4.53476e-01
1.21369e+03 4.72520e-01
1.21376e+03 4.91739e-01
1.21383e+03 5.11082e-01
1.21390e+03 5.30526e-01
1.21398e+03 5.50008e-01
1.21405e+03 5.69477e-01
1.21412e+03 5.88893e-01
1.21420e+03 6.08194e-01
1.21427e+03 6.27323e-01
1.21434e+03 6.46236e-01
1.21441e+03 6.64870e-01
1.21449e+03 6.83157e-01
1.21456e+03 7.01059e-01
1.21463e+03 7.18519e-01
1.21471e+03 7.35457e-01
1.21478e+03 7.51828e-01
1.21485e+03 7.67584e-01
1.21493e+03 7.82736e-01
1.21500e+03 7.97153e-01
1.21507e+03 8.10669e-01
1.21514e+03 8.23366e-01
1.21522e+03 8.35246e-01
1.21529e+03 8.46218e-01
1.21536e+03 8.56231e-01
1.21544e+03 8.65241e-01
1.21551e+03 8.73229e-01
1.21558e+03 8.80158e-01
1.21566e+03 8.85995e-01
1.21573e+03 8.90725e-01
1.21580e+03 8.94330e-01
1.21587e+03 8.96792e-01
1.21595e+03 8.98099e-01
1.21602e+03 8.98256e-01
1.21609e+03 8.97255e-01
1.21617e+03 8.95105e-01
1.21624e+03 8.91806e-01
1.21631e+03 8.87381e-01
1.21638e+03 8.81843e-01
1.21646e+03 8.75205e-01
1.21653e+03 8.67501e-01
1.21660e+03 8.58763e-01
1.21668e+03 8.49019e-01
1.21675e+03 8.38309e-01
1.21682e+03 8.26667e-01
1.21690e+03 8.14145e-01
1.21697e+03 8.00779e-01
1.21704e+03 7.86623e-01
1.21711e+03 7.71732e-01
1.21719e+03 7.56141e-01
1.21726e+03 7.39922e-01
1.21733e+03 7.23129e-01
1.21741e+03 7.05803e-01
1.21748e+03 6.88007e-01
1.21755e+03 6.69809e-01
1.21763e+03 6.51265e-01
1.21770e+03 6.32423e-01
1.21777e+03 6.13342e-01
1.21784e+03 5.94089e-01
1.21792e+03 5.74698e-01
1.21799e+03 5.55236e-01
1.21806e+03 5.35763e-01
1.21814e+03 5.16307e-01
1.21821e+03 4.96932e-01
1.21828e+03 4.77690e-01
1.21835e+03 4.58608e-01
1.21843e+03 4.39724e-01
1.21850e+03 4.21100e-01
1.21857e+03 4.02768e-01
1.21865e+03 3.84749e-01
1.21872e+03 3.67079e-01
1.21879e+03 3.49796e-01
1.21887e+03 3.32909e-01
1.21894e+03 3.16449e-01
1.21901e+03 3.00445e-01
1.21908e+03 2.84899e-01
1.21916e+03 2.69823e-01
1.21923e+03 2.55248e-01
1.21930e+03 2.41178e-01
1.21938e+03 2.27610e-01
1.21945e+03 2.14555e-01
1.21952e+03 2.02021e-01
1.21960e+03 1.89999e-01
1.21967e+03 1.78490e-01
1.21974e+03 1.67498e-01
1.21981e+03 1.57008e-01
1.21989e+03 1.47016e-01
1.21996e+03 1.37521e-01
1.22003e+03 1.28504e-01
1.22011e+03 1.19955e-01
1.22018e+03 1.11869e-01
1.22025e+03 1.04235e-01
1.22032e+03 9.70311e-02
1.22040e+03 9.02494e-02
1.22047e+03 8.38757e-02
1.22054e+03 7.78906e-02
1.22062e+03 7.22810e-02
1.22069e+03 6.70346e-02
1.22076e+03 6.21309e-02
1.22084e+03 5.75564e-02
1.22091e+03 5.32977e-02
1.22098e+03 4.93356e-02
1.22105e+03 4.56552e-02
1.22113e+03 4.22441e-02
1.22120e+03 3.90879e-02
1.22127e+03 3.61694e-02
1.22135e+03 3.34757e-02
1.22142e+03 3.09946e-02
1.22149e+03 2.87105e-02
1.22157e+03 2.66122e-02
1.22164e+03 2.46880e-02
1.22171e+03 2.29247e-02
1.22178e+03 2.13121e-02
1.22186e+03 1.98398e-02
1.22193e+03 1.84971e-02
1.22200e+03 1.72739e-02
1.22208e+03 1.61624e-02
1.22215e+03 1.51540e-02
1.22222e+03 1.42398e-02
1.22229e+03 1.34127e-02
1.22237e+03 1.26655e-02
1.22244e+03 1.19914e-02
1.22251e+03 1.13842e-02
1.22259e+03 1.08385e-02
1.22266e+03 1.03484e-02
1.22273e+03 9.90933e-03
1.22281e+03 9.51644e-03
1.22288e+03 9.16561e-03
1.22295e+03 8.85266e-03
1.22302e+03 8.57431e-03
1.22310e+03 8.32717e-03
1.22317e+03 8.10805e-03
1.22324e+03 7.99897e-03
1.22500e+03 8.33875e-03
1.23500e+03 8.82481e-03
1.24500e+03 9.05373e-03
1.25500e+03 9.00559e-03
1.26500e+03 8.94791e-03
1.27500e+03 9.56500e-03
1.28500e+03 9.83965e-03
1.29500e+03 9.35333e-03
1.30500e+03 9.23275e-03
1.31500e+03 1.01041e-02
1.32500e+03 1.01931e-02
1.33500e+03 9.96987e-03
1.34500e+03 1.06453e-02
1.35500e+03 1.06045e-02
1.36500e+03 1.02954e-02
1.37500e+03 1.04650e-02
1.38500e+03 1.03506e-02
1.39500e+03 9.66671e-03
1.40500e+03 9.66627e-03
1.41500e+03 1.04080e-02
1.42500e+03 1.07084e-02
1.43500e+03 1.07921e-02
1.44200e+03 1.12362e-02
1.44700e+03 1.17308e-02
1.45500e+03 1.16660e-02
1.46500e+03 1.12397e-02
1.47500e+03 1.13106e-02
1.48500e+03 1.17447e-02
1.49500e+03 1.21082e-02
1.50500e+03 1.21128e-02
1.51200e+03 1.15833e-02
1.51700e+03 1.19067e-02
1.52500e+03 1.26011e-02
1.53500e+03 1.27893e-02
1.54500e+03 1.43232e-02
1.55500e+03 1.38419e-02
1.56500e+03 1.39047e-02
1.57500e+03 1.66386e-02
1.58500e+03 1.84415e-02
1.59500e+03 2.00714e-02
1.60500e+03 1.92712e-02
1.61500e+03 1.82609e-02
1.62500e+03 1.66475e-02
1.63500e+03 1.83357e-02
1.64500e+03 2.04759e-02
1.65500e+03 1.73015e-02
1.66500e+03 2.01970e-02
1.67200e+03 1.85201e-02
1.67700e+03 3.89086e-02
1.68500e+03 4.18481e-02
1.69500e+03 3.59370e-02
1.70500e+03 3.74536e-02
1.71500e+03 4.54768e-02
1.72500e+03 4.96399e-02
1.73500e+03 5.61874e-02
1.74500e+03 5.63486e-02
1.75500e+03 6.27303e-02
1.76500e+03 5.31865e-02
1.77500e+03 6.06676e-02
1.78500e+03 6.41408e-02
1.79500e+03 7.80752e-02
1.80500e+03 7.41191e-02
1.81500e+03 7.55242e-02
1.82500e+03 7.11785e-02
1.83500e+03 6.47838e-02
1.84500e+03 5.79722e-02
1.85500e+03 6.81187e-02
1.86500e+03 7.90270e-02
1.87500e+03 7.69571e-02
1.88500e+03 7.94871e-02
1.89500e+03 8.62357e-02
1.90500e+03 8.35820e-02
1.91500e+03 8.64469e-02
1.92500e+03 7.79567e-02
1.93500e+03 6.14971e-02
1.94500e+03 9.01142e-02
1.95500e+03 9.92989e-02
1.96700e+03 1.08971e-01
1.97600e+03 1.06758e-01
1.98400e+03 1.08567e-01
1.99500e+03 1.06652e-01
2.00500e+03 9.92662e-02
2.01500e+03 9.65102e-02
2.02500e+03 9.12030e-02
2.03500e+03 1.05617e-01
2.04500e+03 1.15838e-01
2.05500e+03 1.11711e-01
2.06500e+03 1.08473e-01
2.07400e+03 1.24801e-01
2.07800e+03 1.53224e-01
2.08500e+03 1.57188e-01
2.09500e+03 1.47650e-01
2.10500e+03 1.36366e-01
2.11500e+03 1.40302e-01
2.12500e+03 1.35475e-01
2.13500e+03 1.21610e-01
2.14500e+03 1.39488e-01
2.15500e+03 1.41830e-01
2.16500e+03 1.30729e-01
2.17500e+03 1.32067e-01
2.18500e+03 1.45375e-01
2.19500e+03 1.53531e-01
2.20500e+03 1.44648e-01
2.21500e+03 1.25115e-01
2.22500e+03 1.28569e-01
2.23500e+03 1.52557e-01
2.24500e+03 1.44214e-01
2.25500e+03 1.23887e-01
2.26500e+03 1.22284e-01
2.27500e+03 1.35216e-01
2.28500e+03 1.50348e-01
2.29500e+03 1.39942e-01
2.30500e+03 1.48196e-01
2.31500e+03 1.34468e-01
2.32500e+03 1.01192e-01
2.33500e+03 9.64381e-02
2.34500e+03 8.37127e-02
2.35500e+03 1.14329e-01
2.36500e+03 8.81527e-02
2.37500e+03 9.51456e-02
2.38500e+03 6.97177e-02
2.39500e+03 7.75574e-02
2.40500e+03 8.03434e-02
2.41500e+03 9.44514e-02
2.42500e+03 1.30483e-01
2.43500e+03 1.36809e-01
2.44500e+03 1.51660e-01
2.45500e+03 1.55844e-01
2.46500e+03 1.48886e-01
2.47500e+03 1.33919e-01
2.48500e+03 1.20238e-01
2.49500e+03 1.24669e-01
2.50500e+03 1.53489e-01
2.51300e+03 1.05511e-01
2.51800e+03 8.12979e-02
2.52500e+03 8.46901e-02
2.53500e+03 9.95021e-02
2.54500e+03 1.12440e-01
2.55500e+03 1.41861e-01
2.56500e+03 1.32790e-01
2.57500e+03 1.47447e-01
2.58500e+03 1.43060e-01
2.59500e+03 1.32547e-01
2.60500e+03 1.19415e-01
2.61500e+03 1.13503e-01
2.62500e+03 1.46216e-01
2.63500e+03 1.90913e-01
2.64500e+03 2.47436e-01
2.65500e+03 2.76202e-01
2.66500e+03 2.26258e-01
2.67500e+03 2.40221e-01
2.68500e+03 2.47769e-01
2.69500e+03 2.21198e-01
2.70500e+03 2.33178e-01
2.71500e+03 2.02615e-01
2.72500e+03 1.95557e-01
2.73500e+03 2.03853e-01
2.74500e+03 1.44942e-01
2.75500e+03 1.59959e-01
2.76500e+03 1.88990e-01
2.77500e+03 2.01475e-01
2.78500e+03 1.43913e-01
2.79500e+03 7.27859e-02
2.80500e+03 8.93113e-02
2.81500e+03 1.92474e-01
2.82500e+03 2.56804e-01
2.83500e+03 2.55877e-01
2.84500e+03 2.29635e-01
2.85500e+03 1.98308e-01
2.86500e+03 2.63544e-01
2.87500e+03 2.88389e-01
2.88500e+03 2.81926e-01
2.89500e+03 2.99123e-01
2.91000e+03 3.48631e-01
2.93000e+03 3.29798e-01
2.95000e+03 3.19307e-01
2.97000e+03 3.33408e-01
2.99000e+03 3.40806e-01
3.01000e+03 3.50650e-01
3.03000e+03 3.54161e-01
3.05000e+03 3.62813e-01
3.07000e+03 3.74720e-01
3.09000e+03 3.82343e-01
3.11000e+03 3.88990e-01
3.13000e+03 3.81774e-01
3.15000e+03 3.84854e-01
3.17000e+03 3.90104e-01
3.19000e+03 3.65529e-01
3.21000e+03 3.78392e-01
3.23000e+03 3.58178e-01
3.25000e+03 4.08245e-01
3.27000e+03 4.46761e-01
3.29000e+03 4.47444e-01
3.31000e+03 4.45953e-01
3.33000e+03 4.45376e-01
3.35000e+03 4.33317e-01
3.37000e+03 3.98412e-01
3.39000e+03 4.10153e-01
3.41000e+03 4.17848e-01
3.43000e+03 4.28186e-01
3.45000e+03 4.39338e-01
3.47000e+03 4.46629e-01
3.49000e+03 4.67707e-01
3.51000e+03 4.81884e-01
3.53000e+03 4.69503e-01
3.55000e+03 4.90720e-01
3.57000e+03 4.30992e-01
3.59000e+03 4.25685e-01
3.61000e+03 4.61309e-01
3.63000e+03 4.76974e-01
3.64000e+03 4.92171e-01
3.65000e+03 5.32155e-01
3.67000e+03 5.29083e-01
3.69000e+03 5.04290e-01
3.70466e+03 5.21916e-01
3.70488e+03 5.32302e-01
3.70511e+03 5.32855e-01
3.70533e+03 5.33405e-01
3.70555e+03 5.33959e-01
3.70578e+03 5.34510e-01
3.70600e+03 5.35063e-01
3.70622e+03 5.35616e-01
3.70645e+03 5.36166e-01
3.70667e+03 5.36719e-01
3.70689e+03 5.37269e-01
3.70712e+03 5.37821e-01
3.70734e+03 5.38373e-01
3.70756e+03 5.38923e-01
3.70779e+03 5.39475e-01
3.70801e+03 5.40025e-01
3.70824e+03 5.40576e-01
3.70846e+03 5.41129e-01
3.70868e+03 5.41678e-01
3.70891e+03 5.42228e-01
3.70913e+03 5.42778e-01
3.70935e+03 5.43329e-01
3.70958e+03 5.43881e-01
3.70980e+03 5.44413e-01
3.71000e+03 5.44797e-01
3.71002e+03 5.44637e-01
3.71025e+03 5.43938e-01
3.71047e+03 5.43056e-01
3.71070e+03 5.42174e-01
3.71092e+03 5.41292e-01
3.71114e+03 5.40412e-01
3.71137e+03 5.39532e-01
3.71159e+03 5.38651e-01
3.71181e+03 5.37773e-01
3.71204e+03 5.36896e-01
3.71226e+03 5.36018e-01
3.71248e+03 5.35144e-01
3.71271e+03 5.34270e-01
3.71293e+03 5.33398e-01
3.71316e+03 5.32530e-01
3.71338e+03 5.31664e-01
3.71360e+03 5.30802e-01
3.71383e+03 5.29945e-01
3.71405e+03 5.29093e-01
3.71427e+03 5.28248e-01
3.71450e+03 5.27412e-01
3.71472e+03 5.26585e-01
3.71494e+03 5.25769e-01
3.71517e+03 5.24967e-01
3.71539e+03 5.24180e-01
3.71562e+03 5.23415e-01
3.71584e+03 5.22670e-01
3.71606e+03 5.21953e-01
3.71629e+03 5.21267e-01
3.71651e+03 5.20616e-01
3.71673e+03 5.20003e-01
3.71696e+03 5.19441e-01
3.71718e+03 5.18930e-01
3.71740e+03 5.18481e-01
3.71763e+03 5.18101e-01
3.71785e+03 5.17798e-01
3.71808e+03 5.17582e-01
3.71830e+03 5.17463e-01
3.71852e+03 5.17454e-01
3.71875e+03 5.17563e-01
3.71897e+03 5.17801e-01
3.71919e+03 5.18183e-01
3.71942e+03 5.18718e-01
3.71964e+03 5.19423e-01
3.71986e+03 5.20307e-01
3.72009e+03 5.21381e-01
3.72031e+03 5.22657e-01
3.72053e+03 5.24145e-01
3.72076e+03 5.25857e-01
3.72098e+03 5.27800e-01
3.72121e+03 5.29981e-01
3.72143e+03 5.32401e-01
3.72165e+03 5.35067e-01
3.72188e+03 5.37976e-01
3.72210e+03 5.41127e-01
3.72232e+03 5.44512e-01
3.72255e+03 5.48123e-01
3.72277e+03 5.51949e-01
3.72299e+03 5.55970e-01
3.72322e+03 5.60168e-01
3.72344e+03 5.64521e-01
3.72367e+03 5.69000e-01
3.72389e+03 5.73575e-01
3.72411e+03 5.78213e-01
3.72434e+03 5.82879e-01
3.72456e+03 5.87529e-01
3.72478e+03 5.92123e-01
3.72501e+03 5.96618e-01
3.72523e+03 6.00973e-01
3.72545e+03 6.05139e-01
3.72568e+03 6.09074e-01
3.72590e+03 6.12729e-01
3.72613e+03 6.16064e-01
3.72635e+03 6.19037e-01
3.72657e+03 6.21611e-01
3.72680e+03 6.23750e-01
3.72702e+03 6.25422e-01
3.72724e+03 6.26599e-01
3.72747e+03 6.27266e-01
3.72769e+03 6.27400e-01
3.72791e+03 6.26991e-01
3.72814e+03 6.26038e-01
3.72836e+03 6.24539e-01
3.72859e+03 6.22501e-01
3.72881e+03 6.19935e-01
3.72903e+03 6.16862e-01
3.72926e+03 6.13307e-01
3.72948e+03 6.09294e-01
3.72970e+03 6.04857e-01
3.72993e+03 6.00871e-01
3.73000e+03 5.98123e-01
3.73015e+03 5.95678e-01
3.73037e+03 5.92140e-01
3.73060e+03 5.88047e-01
3.73082e+03 5.83736e-01
3.73105e+03 5.79249e-01
3.73127e+03 5.74634e-01
3.73149e+03 5.69932e-01
3.73172e+03 5.65189e-01
3.73194e+03 5.60445e-01
3.73216e+03 5.55737e-01
3.73239e+03 5.51105e-01
3.73261e+03 5.46576e-01
3.73283e+03 5.42184e-01
3.73306e+03 5.37953e-01
3.73328e+03 5.33903e-01
3.73351e+03 5.30058e-01
3.73373e+03 5.26431e-01
3.73395e+03 5.23031e-01
3.73418e+03 5.19869e-01
3.73440e+03 5.16946e-01
3.73462e+03 5.14268e-01
3.73485e+03 5.11833e-01
3.73507e+03 5.09638e-01
3.73529e+03 5.07680e-01
3.73552e+03 5.05947e-01
3.73574e+03 5.04435e-01
3.73596e+03 5.03131e-01
3.73619e+03 5.02027e-01
3.73641e+03 5.01111e-01
3.73664e+03 5.00368e-01
3.73686e+03 4.99789e-01
3.73708e+03 4.99361e-01
3.73731e+03 4.99072e-01
3.73753e+03 4.98908e-01
3.73775e+03 4.98861e-01
3.73798e+03 4.98916e-01
3.73820e+03 4.99066e-01
3.73842e+03 4.99299e-01
3.73865e+03 4.99606e-01
3.73887e+03 4.99980e-01
3.73910e+03 5.00411e-01
3.73932e+03 5.00893e-01
3.73954e+03 5.01420e-01
3.73977e+03 5.01987e-01
3.73999e+03 5.02586e-01
3.74021e+03 5.03213e-01
3.74044e+03 5.03867e-01
3.74066e+03 5.04541e-01
3.74088e+03 5.05233e-01
3.74111e+03 5.05938e-01
3.74133e+03 5.06660e-01
3.74156e+03 5.07390e-01
3.74178e+03 5.08129e-01
3.74200e+03 5.08874e-01
3.74223e+03 5.09629e-01
3.74245e+03 5.10385e-01
3.74267e+03 5.11146e-01
3.74290e+03 5.11910e-01
3.74312e+03 5.12677e-01
3.74334e+03 5.13448e-01
3.74357e+03 5.14218e-01
3.74379e+03 5.14991e-01
3.74402e+03 5.15764e-01
3.74424e+03 5.16539e-01
3.74446e+03 5.17313e-01
3.74469e+03 5.18088e-01
3.74491e+03 5.18864e-01
3.74513e+03 5.19640e-01
3.74536e+03 5.20415e-01
3.74558e+03 5.21192e-01
3.74580e+03 5.21967e-01
3.74603e+03 5.22743e-01
3.74625e+03 5.23519e-01
3.74648e+03 5.24294e-01
3.74670e+03 5.25069e-01
3.74692e+03 5.25845e-01
3.74715e+03 5.26619e-01
3.74737e+03 5.27395e-01
3.74759e+03 5.28169e-01
3.74782e+03 5.28945e-01
3.74804e+03 5.29719e-01
3.74826e+03 5.30494e-01
3.74849e+03 5.31267e-01
3.74871e+03 5.32042e-01
3.74893e+03 5.32815e-01
3.74916e+03 5.34164e-01
3.75000e+03 5.54683e-01
3.77000e+03 6.04824e-01
3.79000e+03 6.60086e-01
3.81000e+03 6.75553e-01
3.83000e+03 5.67835e-01
3.85000e+03 6.76549e-01
3.87000e+03 7.13642e-01
3.89000e+03 6.58936e-01
3.91000e+03 7.38865e-01
3.93000e+03 5.46193e-01
3.95000e+03 6.51946e-01
3.97000e+03 5.53765e-01
3.99000e+03 8.46646e-01
4.01000e+03 9.61534e-01
4.03000e+03 9.71675e-01
4.05000e+03 9.48473e-01
4.07000e+03 9.20249e-01
4.07820e+03 9.20291e-01
4.07845e+03 9.23559e-01
4.07870e+03 9.23804e-01
4.07894e+03 9.24048e-01
4.07919e+03 9.24293e-01
4.07943e+03 9.24537e-01
4.07968e+03 9.24782e-01
4.07993e+03 9.25026e-01
4.08017e+03 9.25270e-01
4.08042e+03 9.25514e-01
4.08066e+03 9.25758e-01
4.08091e+03 9.26003e-01
4.08116e+03 9.26245e-01
4.08140e+03 9.26491e-01
4.08165e+03 9.26734e-01
4.08190e+03 9.26976e-01
4.08214e+03 9.27221e-01
4.08239e+03 9.27464e-01
4.08263e+03 9.27708e-01
4.08288e+03 9.27951e-01
4.08313e+03 9.28194e-01
4.08337e+03 9.28437e-01
4.08362e+03 9.28681e-01
4.08386e+03 9.28923e-01
4.08411e+03 9.29167e-01
4.08436e+03 9.29411e-01
4.08460e+03 9.29654e-01
4.08485e+03 9.29896e-01
4.08510e+03 9.30137e-01
4.08534e+03 9.30382e-01
4.08559e+03 9.30623e-01
4.08583e+03 9.30869e-01
4.08608e+03 9.31112e-01
4.08633e+03 9.31355e-01
4.08657e+03 9.31599e-01
4.08682e+03 9.31843e-01
4.08706e+03 9.32088e-01
4.08731e+03 9.32334e-01
4.08756e+03 9.32580e-01
4.08780e+03 9.32827e-01
4.08805e+03 9.33075e-01
4.08830e+03 9.33324e-01
4.08854e+03 9.33575e-01
4.08879e+03 9.33829e-01
4.08903e+03 9.34085e-01
4.08928e+03 9.34343e-01
4.08953e+03 9.34603e-01
4.08977e+03 9.34861e-01
4.09000e+03 9.35031e-01
4.09002e+03 9.34761e-01
4.09026e+03 9.33765e-01
4.09051e+03 9.32513e-01
4.09076e+03 9.31269e-01
4.09100e+03 9.30034e-01
4.09125e+03 9.28807e-01
4.09150e+03 9.27591e-01
4.09174e+03 9.26386e-01
4.09199e+03 9.25194e-01
4.09223e+03 9.24017e-01
4.09248e+03 9.22856e-01
4.09273e+03 9.21712e-01
4.09297e+03 9.20589e-01
4.09322e+03 9.19485e-01
4.09347e+03 9.18405e-01
4.09371e+03 9.17348e-01
4.09396e+03 9.16315e-01
4.09420e+03 9.15314e-01
4.09445e+03 9.14340e-01
4.09470e+03 9.13395e-01
4.09494e+03 9.12484e-01
4.09519e+03 9.11606e-01
4.09543e+03 9.10760e-01
4.09568e+03 9.09949e-01
4.09593e+03 9.09172e-01
4.09617e+03 9.08429e-01
4.09642e+03 9.07717e-01
4.09667e+03 9.07041e-01
4.09691e+03 9.06395e-01
4.09716e+03 9.05777e-01
4.09740e+03 9.05184e-01
4.09765e+03 9.04617e-01
4.09790e+03 9.04070e-01
4.09814e+03 9.03538e-01
4.09839e+03 9.03019e-01
4.09863e+03 9.02505e-01
4.09888e+03 9.01993e-01
4.09913e+03 9.01476e-01
4.09937e+03 9.00952e-01
4.09962e+03 9.00407e-01
4.09987e+03 8.99842e-01
4.10011e+03 8.99247e-01
4.10036e+03 8.98618e-01
4.10060e+03 8.97948e-01
4.10085e+03 8.97230e-01
4.10110e+03 8.96461e-01
4.10134e+03 8.95633e-01
4.10159e+03 8.94744e-01
4.10183e+03 8.93788e-01
4.10208e+03 8.92761e-01
4.10233e+03 8.91662e-01
4.10257e+03 8.90493e-01
4.10282e+03 8.89245e-01
4.10307e+03 8.87924e-01
4.10331e+03 8.86528e-01
4.10356e+03 8.85054e-01
4.10380e+03 8.83511e-01
4.10405e+03 8.81899e-01
4.10430e+03 8.80222e-01
4.10454e+03 8.78486e-01
4.10479e+03 8.76692e-01
4.10503e+03 8.74848e-01
4.10528e+03 8.72957e-01
4.10553e+03 8.71025e-01
4.10577e+03 8.69063e-01
4.10602e+03 8.67073e-01
4.10627e+03 8.65062e-01
4.10651e+03 8.63037e-01
4.10676e+03 8.61002e-01
4.10700e+03 8.58964e-01
4.10725e+03 8.56930e-01
4.10750e+03 8.54903e-01
4.10774e+03 8.52890e-01
4.10799e+03 8.50892e-01
4.10823e+03 8.48918e-01
4.10848e+03 8.46963e-01
4.10873e+03 8.45040e-01
4.10897e+03 8.43146e-01
4.10922e+03 8.41282e-01
4.10947e+03 8.39452e-01
4.10971e+03 8.37654e-01
4.10996e+03 8.36228e-01
4.11000e+03 8.35799e-01
4.11020e+03 8.36487e-01
4.11045e+03 8.37487e-01
4.11070e+03 8.38565e-01
4.11094e+03 8.39677e-01
4.11119e+03 8.40819e-01
4.11144e+03 8.41991e-01
4.11168e+03 8.43192e-01
4.11193e+03 8.44417e-01
4.11217e+03 8.45668e-01
4.11242e+03 8.46940e-01
4.11267e+03 8.48236e-01
4.11291e+03 8.49551e-01
4.11316e+03 8.50883e-01
4.11340e+03 8.52233e-01
4.11365e+03 8.53597e-01
4.11390e+03 8.54974e-01
4.11414e+03 8.56365e-01
4.11439e+03 8.57762e-01
4.11464e+03 8.59171e-01
4.11488e+03 8.60590e-01
4.11513e+03 8.62013e-01
4.11537e+03 8.63445e-01
4.11562e+03 8.64879e-01
4.11587e+03 8.66319e-01
4.11611e+03 8.67764e-01
4.11636e+03 8.69210e-01
4.11660e+03 8.70663e-01
4.11685e+03 8.72115e-01
4.11710e+03 8.73570e-01
4.11734e+03 8.75025e-01
4.11759e+03 8.76482e-01
4.11784e+03 8.77941e-01
4.11808e+03 8.79401e-01
4.11833e+03 8.80860e-01
4.11857e+03 8.82320e-01
4.11882e+03 8.83779e-01
4.11907e+03 8.85239e-01
4.11931e+03 8.86700e-01
4.11956e+03 8.88160e-01
4.11981e+03 8.89620e-01
4.12005e+03 8.91082e-01
4.12030e+03 8.92539e-01
4.12054e+03 8.93999e-01
4.12079e+03 8.95457e-01
4.12104e+03 8.96916e-01
4.12128e+03 8.98375e-01
4.12153e+03 8.99834e-01
4.12177e+03 9.01292e-01
4.12202e+03 9.02747e-01
4.12227e+03 9.04204e-01
4.12251e+03 9.05659e-01
4.12276e+03 9.07115e-01
4.12301e+03 9.08572e-01
4.12325e+03 9.10028e-01
4.12350e+03 9.11481e-01
4.12374e+03 9.12936e-01
4.12399e+03 9.14390e-01
4.12424e+03 9.15842e-01
4.12448e+03 9.17295e-01
4.12473e+03 9.18748e-01
4.12497e+03 9.20203e-01
4.12522e+03 9.21654e-01
4.12547e+03 9.23105e-01
4.12571e+03 9.24555e-01
4.12596e+03 9.26004e-01
4.12621e+03 9.27455e-01
4.12645e+03 9.28907e-01
4.12670e+03 9.30355e-01
4.12694e+03 9.31805e-01
4.12719e+03 9.37366e-01
4.13000e+03 9.55630e-01
4.15000e+03 9.65563e-01
4.17000e+03 9.65799e-01
4.19000e+03 9.58909e-01
4.21000e+03 9.60165e-01
4.23000e+03 9.44157e-01
4.25000e+03 9.53674e-01
4.27000e+03 9.22784e-01
4.29000e+03 8.84262e-01
4.31000e+03 8.18226e-01
4.31565e+03 8.19921e-01
4.31591e+03 8.27896e-01
4.31617e+03 8.29085e-01
4.31643e+03 8.30274e-01
4.31669e+03 8.31461e-01
4.31695e+03 8.32649e-01
4.31721e+03 8.33838e-01
4.31747e+03 8.35024e-01
4.31773e+03 8.36212e-01
4.31799e+03 8.37397e-01
4.31825e+03 8.38584e-01
4.31852e+03 8.39768e-01
4.31878e+03 8.40953e-01
4.31904e+03 8.42138e-01
4.31930e+03 8.43324e-01
4.31956e+03 8.44507e-01
4.31982e+03 8.45691e-01
4.32008e+03 8.46874e-01
4.32034e+03 8.48059e-01
4.32060e+03 8.49240e-01
4.32086e+03 8.50423e-01
4.32112e+03 8.51605e-01
4.32138e+03 8.52787e-01
4.32164e+03 8.53968e-01
4.32190e+03 8.55150e-01
4.32216e+03 8.56330e-01
4.32242e+03 8.57512e-01
4.32268e+03 8.58691e-01
4.32294e+03 8.59873e-01
4.32320e+03 8.61053e-01
4.32346e+03 8.62233e-01
4.32373e+03 8.63412e-01
4.32399e+03 8.64592e-01
4.32425e+03 8.65772e-01
4.32451e+03 8.66953e-01
4.32477e+03 8.68134e-01
4.32503e+03 8.69315e-01
4.32529e+03 8.70497e-01
4.32555e+03 8.71679e-01
4.32581e+03 8.72864e-01
4.32607e+03 8.74051e-01
4.32633e+03 8.75238e-01
4.32659e+03 8.76428e-01
4.32685e+03 8.77621e-01
4.32711e+03 8.78817e-01
4.32737e+03 8.80018e-01
4.32763e+03 8.81225e-01
4.32789e+03 8.82438e-01
4.32815e+03 8.83657e-01
4.32841e+03 8.84885e-01
4.32867e+03 8.86120e-01
4.32894e+03 8.87367e-01
4.32920e+03 8.88628e-01
4.32946e+03 8.89904e-01
4.32972e+03 8.91193e-01
4.32998e+03 8.92171e-01
4.33000e+03 8.92515e-01
4.33024e+03 8.92052e-01
4.33050e+03 8.91474e-01
4.33076e+03 8.90911e-01
4.33102e+03 8.90378e-01
4.33128e+03 8.89876e-01
4.33154e+03 8.89408e-01
4.33180e+03 8.88974e-01
4.33206e+03 8.88583e-01
4.33232e+03 8.88233e-01
4.33258e+03 8.87927e-01
4.33284e+03 8.87668e-01
4.33310e+03 8.87461e-01
4.33336e+03 8.87304e-01
4.33362e+03 8.87199e-01
4.33388e+03 8.87151e-01
4.33415e+03 8.87157e-01
4.33441e+03 8.87219e-01
4.33467e+03 8.87336e-01
4.33493e+03 8.87509e-01
4.33519e+03 8.87734e-01
4.33545e+03 8.88009e-01
4.33571e+03 8.88332e-01
4.33597e+03 8.88697e-01
4.33623e+03 8.89100e-01
4.33649e+03 8.89536e-01
4.33675e+03 8.89998e-01
4.33701e+03 8.90477e-01
4.33727e+03 8.90970e-01
4.33753e+03 8.91462e-01
4.33779e+03 8.91950e-01
4.33805e+03 8.92419e-01
4.33831e+03 8.92862e-01
4.33857e+03 8.93268e-01
4.33883e+03 8.93625e-01
4.33909e+03 8.93926e-01
4.33935e+03 8.94160e-01
4.33962e+03 8.94315e-01
4.33988e+03 8.94385e-01
4.34014e+03 8.94361e-01
4.34040e+03 8.94233e-01
4.34066e+03 8.93999e-01
4.34092e+03 8.93650e-01
4.34118e+03 8.93181e-01
4.34144e+03 8.92590e-01
4.34170e+03 8.91875e-01
4.34196e+03 8.91037e-01
4.34222e+03 8.90075e-01
4.34248e+03 8.88993e-01
4.34274e+03 8.87791e-01
4.34300e+03 8.86477e-01
4.34326e+03 8.85056e-01
4.34352e+03 8.83535e-01
4.34378e+03 8.81921e-01
4.34404e+03 8.80223e-01
4.34430e+03 8.78450e-01
4.34457e+03 8.76611e-01
4.34483e+03 8.74717e-01
4.34509e+03 8.72779e-01
4.34535e+03 8.70806e-01
4.34561e+03 8.68809e-01
4.34587e+03 8.66797e-01
4.34613e+03 8.64781e-01
4.34639e+03 8.62766e-01
4.34665e+03 8.60767e-01
4.34691e+03 8.58788e-01
4.34717e+03 8.56835e-01
4.34743e+03 8.54919e-01
4.34769e+03 8.53040e-01
4.34795e+03 8.51204e-01
4.34821e+03 8.49419e-01
4.34847e+03 8.47683e-01
4.34873e+03 8.46001e-01
4.34899e+03 8.44374e-01
4.34925e+03 8.42801e-01
4.34951e+03 8.41285e-01
4.34978e+03 8.39867e-01
4.35000e+03 8.38849e-01
4.35004e+03 8.39199e-01
4.35030e+03 8.40464e-01
4.35056e+03 8.42149e-01
4.35082e+03 8.43887e-01
4.35108e+03 8.45666e-01
4.35134e+03 8.47490e-01
4.35160e+03 8.49357e-01
4.35186e+03 8.51260e-01
4.35212e+03 8.53200e-01
4.35238e+03 8.55169e-01
4.35264e+03 8.57171e-01
4.35290e+03 8.59197e-01
4.35316e+03 8.61250e-01
4.35342e+03 8.63322e-01
4.35368e+03 8.65415e-01
4.35394e+03 8.67525e-01
4.35420e+03 8.69651e-01
4.35446e+03 8.71791e-01
4.35472e+03 8.73942e-01
4.35499e+03 8.76103e-01
4.35525e+03 8.78273e-01
4.35551e+03 8.80451e-01
4.35577e+03 8.82635e-01
4.35603e+03 8.84825e-01
4.35629e+03 8.87019e-01
4.35655e+03 8.89218e-01
4.35681e+03 8.91418e-01
4.35707e+03 8.93623e-01
4.35733e+03 8.95830e-01
4.35759e+03 8.98037e-01
4.35785e+03 9.00246e-01
4.35811e+03 9.02457e-01
4.35837e+03 9.04666e-01
4.35863e+03 9.06877e-01
4.35889e+03 9.09088e-01
4.35915e+03 9.11300e-01
4.35941e+03 9.13511e-01
4.35967e+03 9.15722e-01
4.35993e+03 9.17932e-01
4.36020e+03 9.20141e-01
4.36046e+03 9.22352e-01
4.36072e+03 9.24562e-01
4.36098e+03 9.26772e-01
4.36124e+03 9.28981e-01
4.36150e+03 9.31188e-01
4.36176e+03 9.33395e-01
4.36202e+03 9.35602e-01
4.36228e+03 9.37807e-01
4.36254e+03 9.40013e-01
4.36280e+03 9.42218e-01
4.36306e+03 9.44422e-01
4.36332e+03 9.46626e-01
4.36358e+03 9.48827e-01
4.36384e+03 9.51030e-01
4.36410e+03 9.53231e-01
4.36436e+03 9.55433e-01
4.36462e+03 9.57632e-01
4.36488e+03 9.59832e-01
4.36515e+03 9.62029e-01
4.36541e+03 9.64228e-01
4.36567e+03 9.66425e-01
4.36593e+03 9.68623e-01
4.36619e+03 9.70819e-01
4.36645e+03 9.73016e-01
4.36671e+03 9.75209e-01
4.36697e+03 9.77404e-01
4.36723e+03 9.79597e-01
4.36749e+03 9.86835e-01
4.37000e+03 9.93145e-01
4.39000e+03 9.60105e-01
4.41000e+03 9.72396e-01
4.43000e+03 9.96052e-01
4.45000e+03 1.00746e+00
4.47000e+03 1.03446e+00
4.49000e+03 1.05402e+00
4.51000e+03 1.11028e+00
4.53000e+03 1.04792e+00
4.55000e+03 1.05718e+00
4.57000e+03 1.09876e+00
4.59000e+03 1.06881e+00
4.61000e+03 1.07587e+00
4.63000e+03 1.05881e+00
4.65000e+03 1.06776e+00
4.67000e+03 1.08467e+00
4.69000e+03 1.06381e+00
4.71000e+03 1.03973e+00
4.73000e+03 1.06810e+00
4.75000e+03 1.08680e+00
4.77000e+03 1.08181e+00
4.79000e+03 1.07518e+00
4.81000e+03 1.06721e+00
4.83000e+03 1.06935e+00
4.83484e+03 1.05484e+00
4.83513e+03 1.04809e+00
4.83542e+03 1.04661e+00
4.83571e+03 1.04514e+00
4.83600e+03 1.04365e+00
4.83629e+03 1.04217e+00
4.83659e+03 1.04071e+00
4.83688e+03 1.03923e+00
4.83717e+03 1.03774e+00
4.83746e+03 1.03628e+00
4.83775e+03 1.03479e+00
4.83805e+03 1.03331e+00
4.83834e+03 1.03186e+00
4.83863e+03 1.03037e+00
4.83892e+03 1.02890e+00
4.83921e+03 1.02742e+00
4.83950e+03 1.02596e+00
4.83980e+03 1.02449e+00
4.84009e+03 1.02301e+00
4.84038e+03 1.02155e+00
4.84067e+03 1.02007e+00
4.84096e+03 1.01860e+00
4.84126e+03 1.01713e+00
4.84155e+03 1.01567e+00
4.84184e+03 1.01420e+00
4.84213e+03 1.01273e+00
4.84242e+03 1.01128e+00
4.84272e+03 1.00982e+00
4.84301e+03 1.00837e+00
4.84330e+03 1.00691e+00
4.84359e+03 1.00546e+00
4.84388e+03 1.00403e+00
4.84417e+03 1.00259e+00
4.84447e+03 1.00116e+00
4.84476e+03 9.99732e-01
4.84505e+03 9.98324e-01
4.84534e+03 9.96915e-01
4.84563e+03 9.95522e-01
4.84593e+03 9.94137e-01
4.84622e+03 9.92781e-01
4.84651e+03 9.91435e-01
4.84680e+03 9.90120e-01
4.84709e+03 9.88820e-01
4.84738e+03 9.87553e-01
4.84768e+03 9.86315e-01
4.84797e+03 9.85108e-01
4.84826e+03 9.83952e-01
4.84855e+03 9.82822e-01
4.84884e+03 9.81753e-01
4.84914e+03 9.80731e-01
4.84943e+03 9.79767e-01
4.84972e+03 9.78873e-01
4.85000e+03 9.78222e-01
4.85001e+03 9.77804e-01
4.85030e+03 9.77037e-01
4.85059e+03 9.76122e-01
4.85089e+03 9.75293e-01
4.85118e+03 9.74549e-01
4.85147e+03 9.73895e-01
4.85176e+03 9.73336e-01
4.85205e+03 9.72872e-01
4.85235e+03 9.72509e-01
4.85264e+03 9.72245e-01
4.85293e+03 9.72083e-01
4.85322e+03 9.72019e-01
4.85351e+03 9.72054e-01
4.85381e+03 9.72181e-01
4.85410e+03 9.72399e-01
4.85439e+03 9.72700e-01
4.85468e+03 9.73077e-01
4.85497e+03 9.73518e-01
4.85526e+03 9.74018e-01
4.85556e+03 9.74559e-01
4.85585e+03 9.75130e-01
4.85614e+03 9.75717e-01
4.85643e+03 9.76307e-01
4.85672e+03 9.76875e-01
4.85702e+03 9.77406e-01
4.85731e+03 9.77888e-01
4.85760e+03 9.78301e-01
4.85789e+03 9.78626e-01
4.85818e+03 9.78835e-01
4.85847e+03 9.78916e-01
4.85877e+03 9.78861e-01
4.85906e+03 9.78651e-01
4.85935e+03 9.78254e-01
4.85964e+03 9.77682e-01
4.85993e+03 9.76905e-01
4.86023e+03 9.75913e-01
4.86052e+03 9.74718e-01
4.86081e+03 9.73296e-01
4.86110e+03 9.71653e-01
4.86139e+03 9.69784e-01
4.86168e+03 9.67697e-01
4.86198e+03 9.65391e-01
4.86227e+03 9.62873e-01
4.86256e+03 9.60156e-01
4.86285e+03 9.57248e-01
4.86314e+03 9.54164e-01
4.86344e+03 9.50915e-01
4.86373e+03 9.47522e-01
4.86402e+03 9.43995e-01
4.86431e+03 9.40355e-01
4.86460e+03 9.36625e-01
4.86490e+03 9.32817e-01
4.86519e+03 9.28950e-01
4.86548e+03 9.25046e-01
4.86577e+03 9.21120e-01
4.86606e+03 9.17187e-01
4.86635e+03 9.13268e-01
4.86665e+03 9.09377e-01
4.86694e+03 9.05525e-01
4.86723e+03 9.01725e-01
4.86752e+03 8.97991e-01
4.86781e+03 8.94329e-01
4.86811e+03 8.90748e-01
4.86840e+03 8.87258e-01
4.86869e+03 8.83859e-01
4.86898e+03 8.80556e-01
4.86927e+03 8.77354e-01
4.86956e+03 8.74252e-01
4.86986e+03 8.71610e-01
4.87000e+03 8.70063e-01
4.87015e+03 8.70610e-01
4.87044e+03 8.71765e-01
4.87073e+03 8.73181e-01
4.87102e+03 8.74686e-01
4.87132e+03 8.76276e-01
4.87161e+03 8.77952e-01
4.87190e+03 8.79702e-01
4.87219e+03 8.81526e-01
4.87248e+03 8.83418e-01
4.87277e+03 8.85370e-01
4.87307e+03 8.87381e-01
4.87336e+03 8.89445e-01
4.87365e+03 8.91558e-01
4.87394e+03 8.93710e-01
4.87423e+03 8.95905e-01
4.87453e+03 8.98134e-01
4.87482e+03 9.00392e-01
4.87511e+03 9.02679e-01
4.87540e+03 9.04990e-01
4.87569e+03 9.07321e-01
4.87598e+03 9.09671e-01
4.87628e+03 9.12036e-01
4.87657e+03 9.14418e-01
4.87686e+03 9.16808e-01
4.87715e+03 9.19208e-01
4.87744e+03 9.21619e-01
4.87774e+03 9.24035e-01
4.87803e+03 9.26457e-01
4.87832e+03 9.28885e-01
4.87861e+03 9.31316e-01
4.87890e+03 9.33752e-01
4.87920e+03 9.36190e-01
4.87949e+03 9.38631e-01
4.87978e+03 9.41071e-01
4.88007e+03 9.43513e-01
4.88036e+03 9.45957e-01
4.88065e+03 9.48400e-01
4.88095e+03 9.50846e-01
4.88124e+03 9.53291e-01
4.88153e+03 9.55734e-01
4.88182e+03 9.58179e-01
4.88211e+03 9.60623e-01
4.88241e+03 9.63068e-01
4.88270e+03 9.65512e-01
4.88299e+03 9.67956e-01
4.88328e+03 9.70400e-01
4.88357e+03 9.72842e-01
4.88386e+03 9.75284e-01
4.88416e+03 9.77730e-01
4.88445e+03 9.80164e-01
4.88474e+03 9.82608e-01
4.88503e+03 9.85052e-01
4.88532e+03 9.87486e-01
4.88562e+03 9.89927e-01
4.88591e+03 9.92360e-01
4.88620e+03 9.94808e-01
4.88649e+03 9.97245e-01
4.88678e+03 9.99686e-01
4.88707e+03 1.00212e+00
4.88737e+03 1.00455e+00
4.88766e+03 1.00698e+00
4.88795e+03 1.00941e+00
4.88824e+03 1.01186e+00
4.88853e+03 1.01428e+00
4.88883e+03 1.01672e+00
4.88912e+03 1.01915e+00
4.88941e+03 1.02157e+00
4.88970e+03 1.02404e+00
4.89000e+03 1.02620e+00
4.89029e+03 1.02666e+00
4.89058e+03 1.02679e+00
4.89087e+03 1.02693e+00
4.89116e+03 1.02708e+00
4.89145e+03 1.02723e+00
4.89174e+03 1.02738e+00
4.89204e+03 1.02752e+00
4.89233e+03 1.02767e+00
4.89262e+03 1.02781e+00
4.89291e+03 1.03174e+00
4.91000e+03 1.03355e+00
4.92877e+03 1.02289e+00
4.92907e+03 1.02062e+00
4.92936e+03 1.02040e+00
4.92966e+03 1.02015e+00
4.92996e+03 1.01993e+00
4.93000e+03 1.01999e+00
4.93026e+03 1.02040e+00
4.93055e+03 1.02097e+00
4.93085e+03 1.02156e+00
4.93115e+03 1.02216e+00
4.93145e+03 1.02275e+00
4.93174e+03 1.02334e+00
4.93204e+03 1.02393e+00
4.93234e+03 1.02453e+00
4.93264e+03 1.02513e+00
4.93293e+03 1.02572e+00
4.93323e+03 1.02631e+00
4.93353e+03 1.02689e+00
4.93383e+03 1.02749e+00
4.93412e+03 1.02809e+00
4.93442e+03 1.02867e+00
4.93472e+03 1.02927e+00
4.93502e+03 1.02987e+00
4.93531e+03 1.03046e+00
4.93561e+03 1.03104e+00
4.93591e+03 1.03163e+00
4.93621e+03 1.03223e+00
4.93650e+03 1.03282e+00
4.93680e+03 1.03341e+00
4.93710e+03 1.03400e+00
4.93740e+03 1.03459e+00
4.93769e+03 1.03518e+00
4.93799e+03 1.03577e+00
4.93829e+03 1.03637e+00
4.93859e+03 1.03695e+00
4.93888e+03 1.03755e+00
4.93918e+03 1.03814e+00
4.93948e+03 1.03873e+00
4.93978e+03 1.03932e+00
4.94007e+03 1.03990e+00
4.94037e+03 1.04050e+00
4.94067e+03 1.04110e+00
4.94097e+03 1.04170e+00
4.94126e+03 1.04230e+00
4.94156e+03 1.04288e+00
4.94186e+03 1.04347e+00
4.94216e+03 1.04407e+00
4.94245e+03 1.04467e+00
4.94275e+03 1.04528e+00
4.94305e+03 1.04588e+00
4.94335e+03 1.04649e+00
4.94364e+03 1.04710e+00
4.94394e+03 1.04771e+00
4.94424e+03 1.04832e+00
4.94454e+03 1.04895e+00
4.94483e+03 1.04958e+00
4.94513e+03 1.05022e+00
4.94543e+03 1.05086e+00
4.94573e+03 1.05151e+00
4.94602e+03 1.05216e+00
4.94632e+03 1.05284e+00
4.94662e+03 1.05352e+00
4.94692e+03 1.05421e+00
4.94721e+03 1.05492e+00
4.94751e+03 1.05561e+00
4.94781e+03 1.05635e+00
4.94811e+03 1.05711e+00
4.94840e+03 1.05786e+00
4.94870e+03 1.05865e+00
4.94900e+03 1.05944e+00
4.94930e+03 1.06025e+00
4.94959e+03 1.06109e+00
4.94989e+03 1.06179e+00
4.95000e+03 1.06226e+00
4.95019e+03 1.06239e+00
4.95049e+03 1.06254e+00
4.95078e+03 1.06274e+00
4.95108e+03 1.06295e+00
4.95138e+03 1.06318e+00
4.95168e+03 1.06342e+00
4.95197e+03 1.06369e+00
4.95227e+03 1.06396e+00
4.95257e+03 1.06425e+00
4.95287e+03 1.06454e+00
4.95316e+03 1.06484e+00
4.95346e+03 1.06516e+00
4.95376e+03 1.06547e+00
4.95406e+03 1.06578e+00
4.95435e+03 1.06608e+00
4.95465e+03 1.06637e+00
4.95495e+03 1.06665e+00
4.95525e+03 1.06691e+00
4.95554e+03 1.06715e+00
4.95584e+03 1.06736e+00
4.95614e+03 1.06756e+00
4.95644e+03 1.06772e+00
4.95673e+03 1.06784e+00
4.95703e+03 1.06793e+00
4.95733e+03 1.06799e+00
4.95763e+03 1.06801e+00
4.95792e+03 1.06798e+00
4.95822e+03 1.06791e+00
4.95852e+03 1.06780e+00
4.95882e+03 1.06766e+00
4.95911e+03 1.06745e+00
4.95941e+03 1.06722e+00
4.95971e+03 1.06693e+00
4.96001e+03 1.06661e+00
4.96030e+03 1.06625e+00
4.96060e+03 1.06587e+00
4.96090e+03 1.06545e+00
4.96120e+03 1.06499e+00
4.96149e+03 1.06451e+00
4.96179e+03 1.06401e+00
4.96209e+03 1.06351e+00
4.96239e+03 1.06296e+00
4.96268e+03 1.06241e+00
4.96298e+03 1.06185e+00
4.96328e+03 1.06130e+00
4.96358e+03 1.06073e+00
4.96387e+03 1.06017e+00
4.96417e+03 1.05960e+00
4.96447e+03 1.05907e+00
4.96477e+03 1.05852e+00
4.96506e+03 1.05799e+00
4.96536e+03 1.05747e+00
4.96566e+03 1.05697e+00
4.96596e+03 1.05648e+00
4.96625e+03 1.05602e+00
4.96655e+03 1.05557e+00
4.96685e+03 1.05513e+00
4.96715e+03 1.05474e+00
4.96744e+03 1.05434e+00
4.96774e+03 1.05397e+00
4.96804e+03 1.05361e+00
4.96834e+03 1.05328e+00
4.96863e+03 1.05297e+00
4.96893e+03 1.05266e+00
4.96923e+03 1.05238e+00
4.96953e+03 1.05211e+00
4.96982e+03 1.05187e+00
4.97000e+03 1.05170e+00
4.97012e+03 1.05115e+00
4.97042e+03 1.05026e+00
4.97072e+03 1.04923e+00
4.97102e+03 1.04820e+00
4.97131e+03 1.04720e+00
4.97161e+03 1.04620e+00
4.97191e+03 1.04521e+00
4.97221e+03 1.04424e+00
4.97250e+03 1.04326e+00
4.97280e+03 1.04230e+00
4.97310e+03 1.04131e+00
4.97340e+03 1.04036e+00
4.97369e+03 1.03942e+00
4.97399e+03 1.03845e+00
4.97429e+03 1.03751e+00
4.97458e+03 1.03656e+00
4.97488e+03 1.03562e+00
4.97518e+03 1.03468e+00
4.97548e+03 1.03373e+00
4.97578e+03 1.03279e+00
4.97607e+03 1.03186e+00
4.97637e+03 1.03105e+00
4.97648e+03 1.03053e+00
4.97667e+03 1.03005e+00
4.97678e+03 1.02959e+00
4.97697e+03 1.02910e+00
4.97708e+03 1.02864e+00
4.97726e+03 1.02816e+00
4.97738e+03 1.02771e+00
4.97756e+03 1.02723e+00
4.97768e+03 1.02677e+00
4.97786e+03 1.02629e+00
4.97798e+03 1.02584e+00
4.97816e+03 1.02536e+00
4.97828e+03 1.02489e+00
4.97845e+03 1.02441e+00
4.97858e+03 1.02394e+00
4.97875e+03 1.02348e+00
4.97888e+03 1.02302e+00
4.97905e+03 1.02255e+00
4.97918e+03 1.02209e+00
4.97935e+03 1.02161e+00
4.97948e+03 1.02114e+00
4.97964e+03 1.02068e+00
4.97978e+03 1.02021e+00
4.97994e+03 1.01974e+00
4.98008e+03 1.01927e+00
4.98024e+03 1.01881e+00
4.98039e+03 1.01835e+00
4.98054e+03 1.01789e+00
4.98069e+03 1.01741e+00
4.98083e+03 1.01694e+00
4.98099e+03 1.01648e+00
4.98113e+03 1.01601e+00
4.98129e+03 1.01554e+00
4.98143e+03 1.01508e+00
4.98159e+03 1.01460e+00
4.98173e+03 1.01415e+00
4.98189e+03 1.01368e+00
4.98202e+03 1.01321e+00
4.98219e+03 1.01274e+00
4.98232e+03 1.01228e+00
4.98249e+03 1.01181e+00
4.98262e+03 1.01136e+00
4.98279e+03 1.01088e+00
4.98292e+03 1.01041e+00
4.98309e+03 1.00994e+00
4.98321e+03 1.00948e+00
4.98339e+03 1.00901e+00
4.98351e+03 1.00855e+00
4.98369e+03 1.00808e+00
4.98381e+03 1.00763e+00
4.98399e+03 1.00716e+00
4.98411e+03 1.00670e+00
4.98429e+03 1.00622e+00
4.98440e+03 1.00576e+00
4.98459e+03 1.00527e+00
4.98470e+03 1.00483e+00
4.98489e+03 1.00435e+00
4.98500e+03 1.00390e+00
4.98519e+03 1.00343e+00
4.98530e+03 1.00297e+00
4.98549e+03 1.00248e+00
4.98559e+03 1.00205e+00
4.98579e+03 1.00156e+00
4.98589e+03 1.00111e+00
4.98609e+03 1.00063e+00
4.98619e+03 1.00019e+00
4.98639e+03 9.99714e-01
4.98649e+03 9.99265e-01
4.98669e+03 9.98776e-01
4.98678e+03 9.98337e-01
4.98699e+03 9.97852e-01
4.98708e+03 9.97415e-01
4.98729e+03 9.96928e-01
4.98738e+03 9.96491e-01
4.98759e+03 9.96014e-01
4.98768e+03 9.95567e-01
4.98790e+03 9.95070e-01
4.98797e+03 9.94650e-01
4.98820e+03 9.94008e-01
4.98850e+03 9.93141e-01
4.98880e+03 9.92224e-01
4.98910e+03 9.91298e-01
4.98940e+03 9.90381e-01
4.98970e+03 9.89469e-01
4.99000e+03 9.88599e-01
4.99030e+03 9.87962e-01
4.99060e+03 9.87366e-01
4.99090e+03 9.86780e-01
4.99120e+03 9.86192e-01
4.99150e+03 9.85624e-01
4.99180e+03 9.85066e-01
4.99210e+03 9.84518e-01
4.99240e+03 9.83980e-01
4.99270e+03 9.83461e-01
4.99300e+03 9.82962e-01
4.99330e+03 9.82472e-01
4.99360e+03 9.82013e-01
4.99390e+03 9.81582e-01
4.99420e+03 9.81170e-01
4.99450e+03 9.80798e-01
4.99480e+03 9.80446e-01
4.99510e+03 9.80142e-01
4.99541e+03 9.79868e-01
4.99571e+03 9.79644e-01
4.99601e+03 9.79457e-01
4.99631e+03 9.79320e-01
4.99661e+03 9.79232e-01
4.99691e+03 9.79202e-01
4.99721e+03 9.79222e-01
4.99751e+03 9.79300e-01
4.99781e+03 9.79428e-01
4.99811e+03 9.79622e-01
4.99841e+03 9.79876e-01
4.99871e+03 9.80190e-01
4.99901e+03 9.80552e-01
4.99931e+03 9.80982e-01
4.99961e+03 9.81462e-01
4.99991e+03 9.81990e-01
5.00021e+03 9.82557e-01
5.00051e+03 9.83175e-01
5.00081e+03 9.83821e-01
5.00111e+03 9.84496e-01
5.00141e+03 9.85201e-01
5.00171e+03 9.85906e-01
5.00201e+03 9.86610e-01
5.00231e+03 9.87313e-01
5.00261e+03 9.87999e-01
5.00292e+03 9.88656e-01
5.00322e+03 9.89273e-01
5.00352e+03 9.89841e-01
5.00382e+03 9.90347e-01
5.00412e+03 9.90776e-01
5.00442e+03 9.91136e-01
5.00472e+03 9.91397e-01
5.00502e+03 9.91549e-01
5.00532e+03 9.91613e-01
5.00562e+03 9.91547e-01
5.00592e+03 9.91362e-01
5.00622e+03 9.91049e-01
5.00652e+03 9.90617e-01
5.00682e+03 9.90046e-01
5.00712e+03 9.89340e-01
5.00742e+03 9.88507e-01
5.00772e+03 9.87549e-01
5.00802e+03 9.86461e-01
5.00832e+03 9.85246e-01
5.00862e+03 9.83925e-01
5.00892e+03 9.82505e-01
5.00922e+03 9.80978e-01
5.00952e+03 9.79363e-01
5.00982e+03 9.77832e-01
5.01000e+03 9.76763e-01
5.01012e+03 9.76397e-01
5.01042e+03 9.75958e-01
5.01073e+03 9.75419e-01
5.01103e+03 9.74845e-01
5.01133e+03 9.74242e-01
5.01163e+03 9.73623e-01
5.01193e+03 9.72998e-01
5.01223e+03 9.72378e-01
5.01253e+03 9.71771e-01
5.01283e+03 9.71184e-01
5.01313e+03 9.70625e-01
5.01343e+03 9.70104e-01
5.01373e+03 9.69622e-01
5.01403e+03 9.69188e-01
5.01433e+03 9.68803e-01
5.01463e+03 9.68473e-01
5.01493e+03 9.68198e-01
5.01523e+03 9.67980e-01
5.01553e+03 9.67822e-01
5.01583e+03 9.67723e-01
5.01613e+03 9.67682e-01
5.01643e+03 9.67697e-01
5.01673e+03 9.67769e-01
5.01703e+03 9.67896e-01
5.01733e+03 9.68073e-01
5.01763e+03 9.68299e-01
5.01793e+03 9.68574e-01
5.01823e+03 9.68890e-01
5.01854e+03 9.69249e-01
5.01884e+03 9.69644e-01
5.01914e+03 9.70075e-01
5.01944e+03 9.70538e-01
5.01974e+03 9.71030e-01
5.02004e+03 9.71548e-01
5.02034e+03 9.72090e-01
5.02064e+03 9.72654e-01
5.02094e+03 9.73237e-01
5.02124e+03 9.73837e-01
5.02154e+03 9.74453e-01
5.02184e+03 9.75080e-01
5.02214e+03 9.75720e-01
5.02244e+03 9.76371e-01
5.02274e+03 9.77030e-01
5.02304e+03 9.77695e-01
5.02334e+03 9.78368e-01
5.02364e+03 9.79045e-01
5.02394e+03 9.79723e-01
5.02424e+03 9.80411e-01
5.02454e+03 9.81107e-01
5.02484e+03 9.81793e-01
5.02514e+03 9.82490e-01
5.02544e+03 9.83186e-01
5.02574e+03 9.83882e-01
5.02604e+03 9.84578e-01
5.02635e+03 9.85284e-01
5.02665e+03 9.85980e-01
5.02695e+03 9.86686e-01
5.02725e+03 9.87383e-01
5.02755e+03 9.88089e-01
5.02785e+03 9.88785e-01
5.02815e+03 9.89492e-01
5.02845e+03 9.90198e-01
5.02875e+03 9.90899e-01
5.02905e+03 9.91606e-01
5.02935e+03 9.92303e-01
5.02965e+03 9.93000e-01
5.02995e+03 9.93549e-01
5.03000e+03 9.93828e-01
5.03025e+03 9.93761e-01
5.03055e+03 9.93676e-01
5.03085e+03 9.93602e-01
5.03115e+03 9.93507e-01
5.03145e+03 9.93432e-01
5.03175e+03 9.93357e-01
5.03205e+03 9.93273e-01
5.03235e+03 9.93187e-01
5.03265e+03 9.93103e-01
5.03295e+03 9.93027e-01
5.03325e+03 9.92952e-01
5.03355e+03 9.92867e-01
5.03385e+03 9.92782e-01
5.03416e+03 9.92698e-01
5.03446e+03 9.92622e-01
5.03476e+03 9.92548e-01
5.03506e+03 9.92463e-01
5.03536e+03 9.92378e-01
5.03566e+03 9.92293e-01
5.03596e+03 9.92218e-01
5.03626e+03 9.92430e-01
5.05000e+03 9.94506e-01
5.07000e+03 1.01319e+00
5.09000e+03 9.87127e-01
5.11000e+03 9.90364e-01
5.13000e+03 9.66330e-01
5.15000e+03 9.35427e-01
5.17000e+03 9.00545e-01
5.19000e+03 9.12417e-01
5.21000e+03 9.49447e-01
5.23000e+03 9.83723e-01
5.25000e+03 9.97690e-01
5.27000e+03 9.41600e-01
5.29000e+03 1.00654e+00
5.31000e+03 1.03444e+00
5.33000e+03 9.76694e-01
5.35000e+03 1.01458e+00
5.37000e+03 1.01530e+00
5.39000e+03 9.97256e-01
5.41000e+03 9.82705e-01
5.43000e+03 9.93952e-01
5.45000e+03 1.01161e+00
5.47000e+03 9.98159e-01
5.49000e+03 9.98065e-01
5.51000e+03 9.91934e-01
5.53000e+03 1.00384e+00
5.55000e+03 1.01010e+00
5.57000e+03 9.93111e-01
5.59000e+03 9.79590e-01
5.61000e+03 9.95054e-01
5.63000e+03 9.93236e-01
5.65000e+03 9.93151e-01
5.67000e+03 9.78687e-01
5.69000e+03 9.87925e-01
5.71000e+03 9.77278e-01
5.73000e+03 1.01348e+00
5.75000e+03 9.95994e-01
5.77000e+03 9.93152e-01
5.79000e+03 9.73542e-01
5.81000e+03 9.91304e-01
5.83000e+03 1.00444e+00
5.85000e+03 9.86683e-01
5.87000e+03 9.74389e-01
5.89000e+03 9.30163e-01
5.91000e+03 9.60182e-01
5.93000e+03 9.65811e-01
5.95000e+03 9.65182e-01
5.97000e+03 9.69237e-01
5.99000e+03 9.56508e-01
6.01000e+03 9.45081e-01
6.03000e+03 9.55469e-01
6.05000e+03 9.64922e-01
6.07000e+03 9.58591e-01
6.09000e+03 9.35569e-01
6.11000e+03 9.26096e-01
6.13000e+03 8.96946e-01
6.15000e+03 8.98856e-01
6.17000e+03 8.83003e-01
6.19000e+03 9.08000e-01
6.21000e+03 9.04412e-01
6.23000e+03 8.81406e-01
6.25000e+03 8.61490e-01
6.27000e+03 8.84978e-01
6.29000e+03 8.92816e-01
6.31000e+03 8.78070e-01
6.33000e+03 8.81017e-01
6.35000e+03 8.80721e-01
6.37000e+03 8.77849e-01
6.39000e+03 8.82172e-01
6.41000e+03 8.70309e-01
6.43000e+03 8.71881e-01
6.45000e+03 8.67329e-01
6.47000e+03 8.62150e-01
6.49000e+03 8.51178e-01
6.51000e+03 8.62901e-01
6.52364e+03 8.63176e-01
6.52404e+03 8.63036e-01
6.52443e+03 8.62936e-01
6.52482e+03 8.62835e-01
6.52522e+03 8.62734e-01
6.52561e+03 8.62634e-01
6.52600e+03 8.62533e-01
6.52640e+03 8.62435e-01
6.52679e+03 8.62334e-01
6.52719e+03 8.62234e-01
6.52758e+03 8.62133e-01
6.52797e+03 8.62033e-01
6.52837e+03 8.61933e-01
6.52876e+03 8.61834e-01
6.52915e+03 8.61734e-01
6.52955e+03 8.61633e-01
6.52994e+03 8.61534e-01
6.53000e+03 8.61396e-01
6.53034e+03 8.60835e-01
6.53073e+03 8.60090e-01
6.53112e+03 8.59317e-01
6.53152e+03 8.58547e-01
6.53191e+03 8.57776e-01
6.53230e+03 8.57005e-01
6.53270e+03 8.56236e-01
6.53309e+03 8.55465e-01
6.53349e+03 8.54697e-01
6.53388e+03 8.53927e-01
6.53427e+03 8.53159e-01
6.53467e+03 8.52393e-01
6.53506e+03 8.51626e-01
6.53546e+03 8.50862e-01
6.53585e+03 8.50098e-01
6.53624e+03 8.49335e-01
6.53664e+03 8.48577e-01
6.53703e+03 8.47821e-01
6.53742e+03 8.47066e-01
6.53782e+03 8.46317e-01
6.53821e+03 8.45571e-01
6.53860e+03 8.44832e-01
6.53900e+03 8.44099e-01
6.53939e+03 8.43374e-01
6.53979e+03 8.42659e-01
6.54018e+03 8.41956e-01
6.54057e+03 8.41267e-01
6.54097e+03 8.40595e-01
6.54136e+03 8.39942e-01
6.54176e+03 8.39310e-01
6.54215e+03 8.38704e-01
6.54254e+03 8.38131e-01
6.54294e+03 8.37592e-01
6.54333e+03 8.37094e-01
6.54372e+03 8.36641e-01
6.54412e+03 8.36241e-01
6.54451e+03 8.35901e-01
6.54491e+03 8.35631e-01
6.54530e+03 8.35436e-01
6.54569e+03 8.35326e-01
6.54609e+03 8.35314e-01
6.54648e+03 8.35408e-01
6.54687e+03 8.35615e-01
6.54727e+03 8.35953e-01
6.54766e+03 8.36427e-01
6.54806e+03 8.37052e-01
6.54845e+03 8.37837e-01
6.54884e+03 8.38796e-01
6.54924e+03 8.39938e-01
6.54963e+03 8.41251e-01
6.55000e+03 8.42335e-01
6.55002e+03 8.43000e-01
6.55042e+03 8.43770e-01
6.55081e+03 8.44992e-01
6.55121e+03 8.46436e-01
6.55160e+03 8.48109e-01
6.55199e+03 8.50011e-01
6.55239e+03 8.52142e-01
6.55278e+03 8.54497e-01
6.55317e+03 8.57068e-01
6.55357e+03 8.59849e-01
6.55396e+03 8.62824e-01
6.55436e+03 8.65978e-01
6.55475e+03 8.69289e-01
6.55514e+03 8.72733e-01
6.55554e+03 8.76286e-01
6.55593e+03 8.79917e-01
6.55633e+03 8.83594e-01
6.55672e+03 8.87280e-01
6.55711e+03 8.90938e-01
6.55751e+03 8.94527e-01
6.55790e+03 8.98007e-01
6.55829e+03 9.01335e-01
6.55869e+03 9.04472e-01
6.55908e+03 9.07370e-01
6.55948e+03 9.09993e-01
6.55987e+03 9.12297e-01
6.56026e+03 9.14250e-01
6.56066e+03 9.15811e-01
6.56105e+03 9.16952e-01
6.56144e+03 9.17644e-01
6.56184e+03 9.17864e-01
6.56223e+03 9.17596e-01
6.56263e+03 9.16825e-01
6.56302e+03 9.15544e-01
6.56341e+03 9.13749e-01
6.56381e+03 9.11445e-01
6.56420e+03 9.08639e-01
6.56459e+03 9.05345e-01
6.56499e+03 9.01583e-01
6.56538e+03 8.97378e-01
6.56578e+03 8.92755e-01
6.56617e+03 8.87746e-01
6.56656e+03 8.82390e-01
6.56696e+03 8.76722e-01
6.56735e+03 8.70782e-01
6.56775e+03 8.64610e-01
6.56814e+03 8.58255e-01
6.56853e+03 8.51753e-01
6.56893e+03 8.45145e-01
6.56932e+03 8.38476e-01
6.56971e+03 8.32234e-01
6.57000e+03 8.27737e-01
6.57011e+03 8.25452e-01
6.57050e+03 8.22792e-01
6.57090e+03 8.19636e-01
6.57129e+03 8.16591e-01
6.57168e+03 8.13683e-01
6.57208e+03 8.10934e-01
6.57247e+03 8.08366e-01
6.57286e+03 8.05992e-01
6.57326e+03 8.03830e-01
6.57365e+03 8.01883e-01
6.57405e+03 8.00161e-01
6.57444e+03 7.98667e-01
6.57483e+03 7.97401e-01
6.57523e+03 7.96363e-01
6.57562e+03 7.95548e-01
6.57601e+03 7.94951e-01
6.57641e+03 7.94564e-01
6.57680e+03 7.94378e-01
6.57720e+03 7.94386e-01
6.57759e+03 7.94575e-01
6.57798e+03 7.94933e-01
6.57838e+03 7.95453e-01
6.57877e+03 7.96119e-01
6.57916e+03 7.96921e-01
6.57956e+03 7.97849e-01
6.57995e+03 7.98891e-01
6.58035e+03 8.00037e-01
6.58074e+03 8.01273e-01
6.58113e+03 8.02596e-01
6.58153e+03 8.03993e-01
6.58192e+03 8.05456e-01
6.58231e+03 8.06979e-01
6.58271e+03 8.08552e-01
6.58310e+03 8.10172e-01
6.58350e+03 8.11828e-01
6.58389e+03 8.13519e-01
6.58428e+03 8.15239e-01
6.58468e+03 8.16985e-01
6.58507e+03 8.18751e-01
6.58546e+03 8.20538e-01
6.58586e+03 8.22337e-01
6.58625e+03 8.24152e-01
6.58665e+03 8.25978e-01
6.58704e+03 8.27811e-01
6.58743e+03 8.29651e-01
6.58783e+03 8.31496e-01
6.58822e+03 8.33350e-01
6.58862e+03 8.35205e-01
6.58901e+03 8.37066e-01
6.58940e+03 8.38926e-01
6.58980e+03 8.40554e-01
6.59000e+03 8.41644e-01
6.59019e+03 8.41938e-01
6.59058e+03 8.42174e-01
6.59098e+03 8.42460e-01
6.59137e+03 8.42745e-01
6.59177e+03 8.43034e-01
6.59216e+03 8.43321e-01
6.59255e+03 8.43609e-01
6.59295e+03 8.43898e-01
6.59334e+03 8.44186e-01
6.59373e+03 8.44475e-01
6.59413e+03 8.44763e-01
6.59452e+03 8.45054e-01
6.59492e+03 8.45342e-01
6.59531e+03 8.45632e-01
6.59570e+03 8.45921e-01
6.59610e+03 8.46209e-01
6.59649e+03 8.46498e-01
6.59688e+03 8.46789e-01
6.59728e+03 8.47077e-01
6.59767e+03 8.47367e-01
6.59807e+03 8.47655e-01
6.59846e+03 8.47943e-01
6.59885e+03 8.48233e-01
6.59925e+03 8.48521e-01
6.59964e+03 8.48811e-01
6.60004e+03 8.49098e-01
6.60043e+03 8.49388e-01
6.60082e+03 8.49676e-01
6.60122e+03 8.49964e-01
6.60161e+03 8.50252e-01
6.60200e+03 8.52368e-01
6.61000e+03 8.55896e-01
6.63000e+03 8.52554e-01
6.65000e+03 8.49432e-01
6.67000e+03 8.39528e-01
6.69000e+03 8.43580e-01
6.71000e+03 8.27917e-01
6.73000e+03 8.34982e-01
6.75000e+03 8.27943e-01
6.77000e+03 8.27970e-01
6.79000e+03 8.22483e-01
6.81000e+03 8.22373e-01
6.83000e+03 8.24510e-01
6.85000e+03 8.12566e-01
6.87000e+03 8.18550e-01
6.89000e+03 8.24995e-01
6.91000e+03 8.21924e-01
6.93000e+03 8.16833e-01
6.95000e+03 8.14300e-01
6.97000e+03 8.17381e-01
6.99000e+03 8.13482e-01
7.01000e+03 8.03000e-01
7.03000e+03 8.11157e-01
7.05000e+03 8.13253e-01
7.07000e+03 7.99098e-01
7.09000e+03 7.83494e-01
7.11000e+03 7.69253e-01
7.13000e+03 7.59017e-01
7.15000e+03 7.56968e-01
7.17000e+03 7.57899e-01
7.19000e+03 7.47064e-01
7.21000e+03 7.56621e-01
7.23000e+03 7.65720e-01
7.25000e+03 7.68827e-01
7.27000e+03 7.68422e-01
7.29000e+03 7.60021e-01
7.31000e+03 7.69136e-01
7.33000e+03 7.72058e-01
7.35000e+03 7.76435e-01
7.37000e+03 7.84293e-01
7.39000e+03 7.73202e-01
7.41000e+03 7.68367e-01
7.43000e+03 7.78123e-01
7.45000e+03 7.80652e-01
7.47000e+03 7.84908e-01
7.49000e+03 7.83769e-01
7.51000e+03 7.88331e-01
7.53000e+03 7.95308e-01
7.55000e+03 7.98429e-01
7.57000e+03 7.93752e-01
7.59000e+03 7.82843e-01
7.61000e+03 7.72089e-01
7.63000e+03 7.61150e-01
7.65000e+03 7.47885e-01
7.67000e+03 7.27372e-01
7.69000e+03 7.32695e-01
7.71000e+03 7.24788e-01
7.73000e+03 7.22739e-01
7.75000e+03 7.18339e-01
7.77000e+03 7.22217e-01
7.79000e+03 7.25967e-01
7.81000e+03 7.23479e-01
7.83000e+03 7.16547e-01
7.85000e+03 7.10330e-01
7.87000e+03 7.12982e-01
7.89000e+03 7.03849e-01
7.91000e+03 6.90863e-01
7.93000e+03 6.87180e-01
7.95000e+03 6.84535e-01
7.97000e+03 6.97003e-01
7.99000e+03 6.97991e-01
8.01000e+03 6.98388e-01
8.03000e+03 6.98277e-01
8.05000e+03 6.96896e-01
8.07000e+03 6.98513e-01
8.09000e+03 6.92580e-01
8.11000e+03 6.96708e-01
8.13000e+03 7.07637e-01
8.15000e+03 7.12655e-01
8.17000e+03 7.13596e-01
8.19000e+03 6.98945e-01
8.21000e+03 6.87745e-01
8.23000e+03 6.87024e-01
8.25000e+03 6.87189e-01
8.27000e+03 6.90479e-01
8.29000e+03 6.83154e-01
8.31000e+03 6.66038e-01
8.33000e+03 6.59806e-01
8.35000e+03 6.59310e-01
8.37000e+03 6.58678e-01
8.39000e+03 6.46398e-01
8.41000e+03 6.52368e-01
8.43000e+03 6.34133e-01
8.45000e+03 6.23157e-01
8.47000e+03 6.21481e-01
8.49000e+03 6.22753e-01
8.51000e+03 6.04591e-01
8.53000e+03 6.17938e-01
8.55000e+03 5.96409e-01
8.57000e+03 6.28072e-01
8.59000e+03 6.23115e-01
8.61000e+03 6.24642e-01
8.63000e+03 6.37400e-01
8.65000e+03 6.31792e-01
8.67000e+03 5.93463e-01
8.69000e+03 6.18763e-01
8.71000e+03 6.37228e-01
8.73000e+03 6.37070e-01
8.75000e+03 6.23390e-01
8.77000e+03 6.38400e-01
8.79000e+03 6.45512e-01
8.81000e+03 6.38396e-01
8.83000e+03 6.38754e-01
8.85000e+03 6.28593e-01
8.87000e+03 6.05573e-01
8.89000e+03 6.19455e-01
8.91000e+03 6.26208e-01
8.93000e+03 6.18317e-01
8.95000e+03 6.17499e-01
8.97000e+03 6.17646e-01
8.99000e+03 6.12185e-01
9.01000e+03 5.90527e-01
9.03000e+03 6.09096e-01
9.05000e+03 6.29243e-01
9.07000e+03 6.28976e-01
9.09000e+03 6.20382e-01
9.11000e+03 6.26675e-01
9.13000e+03 6.34514e-01
9.15000e+03 6.31945e-01
9.17000e+03 6.30796e-01
9.19000e+03 6.30520e-01
9.21000e+03 6.07627e-01
9.23000e+03 5.83157e-01
9.25000e+03 5.89207e-01
9.27000e+03 5.95235e-01
9.29000e+03 5.93109e-01
9.31000e+03 5.94817e-01
9.33000e+03 5.94545e-01
9.35000e+03 5.91246e-01
9.37000e+03 5.85041e-01
9.39000e+03 5.88005e-01
9.41000e+03 5.80064e-01
9.43000e+03 5.88656e-01
9.45000e+03 5.85596e-01
9.47000e+03 5.93310e-01
9.49000e+03 5.92932e-01
9.51000e+03 5.83872e-01
9.53000e+03 5.78003e-01
9.55000e+03 5.62140e-01
9.57000e+03 5.74911e-01
9.59000e+03 5.85018e-01
9.61000e+03 5.80707e-01
9.63000e+03 5.79670e-01
9.65000e+03 5.73590e-01
9.67000e+03 5.72644e-01
9.69000e+03 5.76643e-01
9.71000e+03 5.70310e-01
9.73000e+03 5.64030e-01
9.75000e+03 5.60966e-01
9.77000e+03 5.61050e-01
9.79000e+03 5.57435e-01
9.81000e+03 5.63602e-01
9.83000e+03 5.61018e-01
9.85000e+03 5.61007e-01
9.87000e+03 5.57603e-01
9.89000e+03 5.55726e-01
9.91000e+03 5.53922e-01
9.93000e+03 5.55324e-01
9.95000e+03 5.55740e-01
9.97000e+03 5.55071e-01
9.99000e+03 5.52494e-01
1.00250e+04 5.47034e-01
1.00750e+04 5.39845e-01
1.01250e+04 5.45305e-01
1.01750e+04 5.41769e-01
1.02250e+04 5.41556e-01
1.02750e+04 5.40696e-01
1.03250e+04 5.34216e-01
1.03750e+04 5.29739e-01
1.04250e+04 5.28072e-01
1.04750e+04 5.20032e-01
1.05250e+04 5.12733e-01
1.05750e+04 5.03045e-01
1.06250e+04 4.96176e-01
1.06750e+04 4.91207e-01
1.07250e+04 4.92251e-01
1.07750e+04 4.88375e-01
1.08250e+04 4.82099e-01
1.08750e+04 4.77440e-01
1.09250e+04 4.70242e-01
1.09750e+04 4.67942e-01
1.10250e+04 4.66574e-01
1.10750e+04 4.60896e-01
1.11250e+04 4.58060e-01
1.11750e+04 4.54864e-01
1.12250e+04 4.53399e-01
1.12750e+04 4.48372e-01
1.13250e+04 4.46245e-01
1.13750e+04 4.43686e-01
1.14250e+04 4.40375e-01
1.14750e+04 4.42728e-01
1.15250e+04 4.41305e-01
1.15750e+04 4.36519e-01
1.16250e+04 4.31163e-01
1.16750e+04 4.29935e-01
1.17250e+04 4.29882e-01
1.17750e+04 4.22480e-01
1.18250e+04 4.17643e-01
1.18750e+04 4.12901e-01
1.19250e+04 4.15217e-01
1.19750e+04 4.08106e-01
1.20250e+04 4.11376e-01
1.20750e+04 4.09993e-01
1.21250e+04 4.10099e-01
1.21750e+04 4.10541e-01
1.22250e+04 4.08462e-01
1.22750e+04 4.05839e-01
1.23250e+04 4.03562e-01
1.23750e+04 4.01853e-01
1.24250e+04 3.98106e-01
1.24750e+04 3.96076e-01
1.25250e+04 3.93153e-01
1.25750e+04 3.91177e-01
1.26250e+04 3.89145e-01
1.26750e+04 3.86720e-01
1.27250e+04 3.86017e-01
1.27750e+04 3.82877e-01
1.28250e+04 3.71497e-01
1.28750e+04 3.76894e-01
1.29250e+04 3.76203e-01
1.29750e+04 3.77300e-01
1.30250e+04 3.74177e-01
1.30750e+04 3.72610e-01
1.31250e+04 3.66548e-01
1.31750e+04 3.63454e-01
1.32250e+04 3.61525e-01
1.32750e+04 3.56245e-01
1.33250e+04 3.54506e-01
1.33750e+04 3.51042e-01
1.34250e+04 3.49811e-01
1.34750e+04 3.46418e-01
1.35250e+04 3.42684e-01
1.35750e+04 3.37279e-01
1.36250e+04 3.34854e-01
1.36750e+04 3.34698e-01
1.37250e+04 3.34245e-01
1.37750e+04 3.32970e-01
1.38250e+04 3.31759e-01
1.38750e+04 3.27405e-01
1.39250e+04 3.17385e-01
1.39750e+04 3.13431e-01
1.40250e+04 3.10051e-01
1.40750e+04 3.10032e-01
1.41250e+04 3.07170e-01
1.41750e+04 3.07302e-01
1.42250e+04 3.03395e-01
1.42750e+04 2.99746e-01
1.43250e+04 3.02194e-01
1.43750e+04 3.02059e-01
1.44250e+04 2.96432e-01
1.44750e+04 2.98622e-01
1.45250e+04 2.96299e-01
1.45700e+04 2.96123e-01
1.46200e+04 2.91724e-01
1.46750e+04 2.89121e-01
1.47250e+04 2.86204e-01
1.47750e+04 2.86408e-01
1.48250e+04 2.86331e-01
1.48750e+04 2.84596e-01
1.49250e+04 2.88014e-01
1.49750e+04 2.85814e-01
1.50250e+04 2.82654e-01
1.50750e+04 2.82129e-01
1.51250e+04 2.85177e-01
1.51750e+04 2.85787e-01
1.52250e+04 2.85238e-01
1.52750e+04 2.85894e-01
1.53250e+04 2.84757e-01
1.53750e+04 2.83598e-01
1.54250e+04 2.81534e-01
1.54750e+04 2.81058e-01
1.55250e+04 2.78079e-01
1.55750e+04 2.72182e-01
1.56250e+04 2.73103e-01
1.56750e+04 2.72098e-01
1.57250e+04 2.73503e-01
1.57750e+04 2.63816e-01
1.58250e+04 2.62200e-01
1.58750e+04 2.60914e-01
1.59250e+04 2.66653e-01
1.59750e+04 2.65374e-01
1.60500e+04 2.66882e-01
1.61500e+04 2.67595e-01
1.62500e+04 2.64901e-01
1.63500e+04 2.66152e-01
1.64500e+04 2.60533e-01
1.65500e+04 2.62868e-01
1.66500e+04 2.60237e-01
1.67500e+04 2.56968e-01
1.68500e+04 2.53564e-01
1.69500e+04 2.53863e-01
1.70500e+04 2.50116e-01
1.71500e+04 2.46156e-01
1.72500e+04 2.40135e-01
1.73500e+04 2.32823e-01
1.74500e+04 2.29412e-01
1.75500e+04 2.24956e-01
1.76500e+04 2.19229e-01
1.77500e+04 2.12983e-01
1.78500e+04 2.07949e-01
1.79500e+04 2.01912e-01
1.80500e+04 1.96053e-01
1.81500e+04 1.90935e-01
1.82500e+04 1.88595e-01
1.83500e+04 1.85910e-01
1.84500e+04 1.81674e-01
1.85500e+04 1.78266e-01
1.86500e+04 1.72943e-01
1.87500e+04 1.68010e-01
1.88500e+04 1.67206e-01
1.89500e+04 1.63060e-01
1.90500e+04 1.63225e-01
1.91500e+04 1.60915e-01
1.92500e+04 1.58390e-01
1.93500e+04 1.54324e-01
1.94500e+04 1.49985e-01
1.95500e+04 1.48890e-01
1.96500e+04 1.45964e-01
1.97500e+04 1.42357e-01
1.98500e+04 1.40041e-01
1.99500e+04 1.38073e-01
2.00500e+04 1.36689e-01
2.01500e+04 1.34621e-01
2.02500e+04 1.31658e-01
2.03500e+04 1.29981e-01
2.04500e+04 1.29346e-01
2.05500e+04 1.27564e-01
2.06500e+04 1.25753e-01
2.07500e+04 1.24414e-01
2.08500e+04 1.22740e-01
2.09500e+04 1.20941e-01
2.10500e+04 1.20151e-01
2.11500e+04 1.18379e-01
2.12500e+04 1.16856e-01
2.13500e+04 1.15917e-01
2.14500e+04 1.14415e-01
2.15500e+04 1.12483e-01
2.16500e+04 1.09865e-01
2.17500e+04 1.08768e-01
2.18500e+04 1.07666e-01
2.19500e+04 1.06313e-01
2.20500e+04 1.04294e-01
2.21500e+04 1.03475e-01
2.22500e+04 1.01514e-01
2.23500e+04 1.00126e-01
2.24500e+04 9.88138e-02
2.25500e+04 9.74631e-02
2.26500e+04 9.57392e-02
2.27500e+04 9.48004e-02
2.28500e+04 9.16383e-02
2.29500e+04 8.26579e-02
2.30500e+04 8.40844e-02
2.31500e+04 8.27240e-02
2.32500e+04 7.55335e-02
2.33500e+04 7.71156e-02
2.34500e+04 7.48770e-02
2.35500e+04 6.96457e-02
2.36500e+04 7.17126e-02
2.37500e+04 6.97258e-02
2.38500e+04 6.54492e-02
2.39500e+04 6.68429e-02
2.40500e+04 6.56303e-02
2.41500e+04 6.17792e-02
2.42500e+04 6.22261e-02
2.43500e+04 6.10082e-02
2.44500e+04 5.81901e-02
2.45500e+04 5.70114e-02
2.46500e+04 5.69649e-02
2.47500e+04 5.48282e-02
2.48500e+04 5.16815e-02
2.49500e+04 5.12308e-02
2.50500e+04 5.13545e-02
2.51500e+04 4.90469e-02
2.52500e+04 4.94167e-02
2.53500e+04 4.93101e-02
2.54500e+04 4.84217e-02
2.55500e+04 4.79840e-02
2.56500e+04 4.79983e-02
2.57500e+04 4.80716e-02
2.58500e+04 4.67870e-02
2.59500e+04 4.68912e-02
2.60500e+04 4.69529e-02
2.61500e+04 4.60844e-02
2.62500e+04 4.53156e-02
2.63500e+04 4.54767e-02
2.64500e+04 4.51563e-02
2.65500e+04 4.45406e-02
2.66500e+04 4.38339e-02
2.67500e+04 4.40556e-02
2.68500e+04 4.37244e-02
2.69500e+04 4.28941e-02
2.70500e+04 4.27901e-02
2.71500e+04 4.24454e-02
2.72500e+04 4.21440e-02
2.73500e+04 4.14266e-02
2.74500e+04 4.12224e-02
2.75500e+04 4.08377e-02
2.76500e+04 4.03283e-02
2.77500e+04 3.97865e-02
2.78500e+04 3.96627e-02
2.79500e+04 3.94636e-02
2.80500e+04 3.89731e-02
2.81500e+04 3.84550e-02
2.82500e+04 3.82059e-02
2.83500e+04 3.79266e-02
2.84500e+04 3.74979e-02
2.85500e+04 3.71018e-02
2.86500e+04 3.67243e-02
2.87500e+04 3.62400e-02
2.88500e+04 3.59761e-02
2.89500e+04 3.56828e-02
2.90500e+04 3.53656e-02
2.91500e+04 3.50122e-02
2.92500e+04 3.44872e-02
2.93500e+04 3.43236e-02
2.94500e+04 3.39185e-02
2.95500e+04 3.36258e-02
2.96500e+04 3.33737e-02
2.97500e+04 3.30163e-02
2.98500e+04 3.26584e-02
2.99500e+04 3.23203e-02
3.00500e+04 3.20053e-02
3.01500e+04 3.17999e-02
3.02500e+04 3.14019e-02
3.03500e+04 3.09721e-02
3.04500e+04 3.08826e-02
3.05500e+04 3.06301e-02
3.06500e+04 3.03900e-02
3.07500e+04 3.01671e-02
3.08500e+04 2.98447e-02
3.09500e+04 2.96839e-02
3.10500e+04 2.94937e-02
3.11500e+04 2.91025e-02
3.12500e+04 2.89514e-02
3.13500e+04 2.87205e-02
3.14500e+04 2.84789e-02
3.15500e+04 2.82187e-02
3.16500e+04 2.79381e-02
3.17500e+04 2.77451e-02
3.18500e+04 2.75348e-02
3.19500e+04 2.73428e-02
3.21000e+04 2.69940e-02
3.23000e+04 2.65595e-02
3.25000e+04 2.61370e-02
3.27000e+04 2.56603e-02
3.29000e+04 2.51314e-02
3.31000e+04 2.47798e-02
3.33000e+04 2.43920e-02
3.35000e+04 2.40112e-02
3.37000e+04 2.35771e-02
3.39000e+04 2.31456e-02
3.41000e+04 2.27171e-02
3.43000e+04 2.23620e-02
3.45000e+04 2.19800e-02
3.47000e+04 2.15727e-02
3.49000e+04 2.11939e-02
3.51000e+04 2.08233e-02
3.53000e+04 2.04173e-02
3.55000e+04 2.00607e-02
3.57000e+04 1.96813e-02
3.59000e+04 1.93257e-02
3.61000e+04 1.90212e-02
3.63000e+04 1.86630e-02
3.65000e+04 1.82921e-02
3.67000e+04 1.79426e-02
3.69000e+04 1.75626e-02
3.71000e+04 1.72297e-02
3.73000e+04 1.69252e-02
3.75000e+04 1.65514e-02
3.77000e+04 1.63153e-02
3.79000e+04 1.60149e-02
3.81000e+04 1.57444e-02
3.83000e+04 1.54836e-02
3.85000e+04 1.52061e-02
3.87000e+04 1.48819e-02
3.89000e+04 1.46107e-02
3.91000e+04 1.43432e-02
3.93000e+04 1.40859e-02
3.95000e+04 1.37791e-02
3.97000e+04 1.35229e-02
3.99000e+04 1.32302e-02
4.01000e+04 1.30143e-02
4.03000e+04 1.27892e-02
4.05000e+04 1.25120e-02
4.07000e+04 1.23122e-02
4.09000e+04 1.21015e-02
4.11000e+04 1.18999e-02
4.13000e+04 1.16927e-02
4.15000e+04 1.14713e-02
4.17000e+04 1.12535e-02
4.19000e+04 1.10660e-02
4.21000e+04 1.08625e-02
4.23000e+04 1.07086e-02
4.25000e+04 1.05112e-02
4.27000e+04 1.03003e-02
4.29000e+04 9.82423e-03
4.31000e+04 9.37663e-03
4.33000e+04 9.25498e-03
4.35000e+04 8.88997e-03
4.37000e+04 8.62904e-03
4.39000e+04 8.42974e-03
4.41000e+04 8.12277e-03
4.43000e+04 7.97752e-03
4.45000e+04 7.81933e-03
4.47000e+04 7.59079e-03
4.49000e+04 7.52433e-03
4.51000e+04 7.35775e-03
4.53000e+04 7.17940e-03
4.55000e+04 7.12560e-03
4.57000e+04 7.02741e-03
4.59000e+04 6.83827e-03
4.61000e+04 6.80458e-03
4.63000e+04 6.69306e-03
4.65000e+04 6.58738e-03
4.67000e+04 6.53872e-03
4.69000e+04 6.44180e-03
4.71000e+04 6.33580e-03
4.73000e+04 6.30353e-03
4.75000e+04 6.18970e-03
4.77000e+04 6.10575e-03
4.79000e+04 6.02823e-03
4.81000e+04 5.91883e-03
4.83000e+04 5.89679e-03
4.85000e+04 5.79716e-03
4.87000e+04 5.69185e-03
4.89000e+04 5.61264e-03
4.91000e+04 5.53740e-03
4.93000e+04 5.45691e-03
4.95000e+04 5.37068e-03
4.97000e+04 5.32255e-03
4.99000e+04 5.23870e-03
5.01000e+04 5.17902e-03
5.03000e+04 5.10746e-03
5.05000e+04 5.01635e-03
5.07000e+04 4.96348e-03
5.09000e+04 4.89717e-03
5.11000e+04 4.81879e-03
5.13000e+04 4.76366e-03
5.15000e+04 4.70279e-03
5.17000e+04 4.66689e-03
5.19000e+04 4.59653e-03
5.21000e+04 4.53717e-03
5.23000e+04 4.46756e-03
5.25000e+04 4.42747e-03
5.27000e+04 4.39306e-03
5.29000e+04 4.30513e-03
5.31000e+04 4.24329e-03
5.33000e+04 4.20309e-03
5.35000e+04 4.15180e-03
5.37000e+04 4.10336e-03
5.39000e+04 4.05504e-03
5.41000e+04 4.00348e-03
5.43000e+04 3.94083e-03
5.45000e+04 3.90894e-03
5.47000e+04 3.85182e-03
5.49000e+04 3.80883e-03
5.51000e+04 3.76463e-03
5.53000e+04 3.75062e-03
5.55000e+04 3.67633e-03
5.57000e+04 3.64969e-03
5.59000e+04 3.59859e-03
5.61000e+04 3.56339e-03
5.63000e+04 3.50802e-03
5.65000e+04 3.48076e-03
5.67000e+04 3.43839e-03
5.69000e+04 3.38501e-03
5.71000e+04 3.36200e-03
5.73000e+04 3.32399e-03
5.75000e+04 3.28351e-03
5.77000e+04 3.24274e-03
5.79000e+04 3.21373e-03
5.81000e+04 3.16913e-03
5.83000e+04 3.13342e-03
5.85000e+04 3.09691e-03
5.87000e+04 3.05222e-03
5.89000e+04 3.01687e-03
5.91000e+04 2.98068e-03
5.93000e+04 2.95306e-03
5.95000e+04 2.91551e-03
5.97000e+04 2.88837e-03
5.99000e+04 2.85597e-03
6.01000e+04 2.82256e-03
6.03000e+04 2.78848e-03
6.05000e+04 2.75011e-03
6.07000e+04 2.71828e-03
6.09000e+04 2.68572e-03
6.11000e+04 2.65255e-03
6.13000e+04 2.62649e-03
6.15000e+04 2.59966e-03
6.17000e+04 2.57359e-03
6.19000e+04 2.54372e-03
6.21000e+04 2.51605e-03
6.23000e+04 2.48262e-03
6.25000e+04 2.45018e-03
6.27000e+04 2.42243e-03
6.29000e+04 2.39635e-03
6.31000e+04 2.36889e-03
6.33000e+04 2.34661e-03
6.35000e+04 2.31875e-03
6.37000e+04 2.29609e-03
6.39000e+04 2.26556e-03
6.42000e+04 2.22763e-03
6.46000e+04 2.17769e-03
6.50000e+04 2.12942e-03
6.54000e+04 2.08214e-03
6.58000e+04 2.03746e-03
6.62000e+04 1.99164e-03
6.66000e+04 1.94820e-03
6.70000e+04 1.90593e-03
6.74000e+04 1.86331e-03
6.78000e+04 1.82286e-03
6.82000e+04 1.78334e-03
6.86000e+04 1.74553e-03
6.90000e+04 1.70755e-03
6.94000e+04 1.67093e-03
6.98000e+04 1.63549e-03
7.02000e+04 1.60024e-03
7.06000e+04 1.56703e-03
7.10000e+04 1.53396e-03
7.14000e+04 1.50191e-03
7.18000e+04 1.47034e-03
7.22000e+04 1.43989e-03
7.26000e+04 1.40988e-03
7.30000e+04 1.38092e-03
7.34000e+04 1.35238e-03
7.38000e+04 1.32491e-03
7.42000e+04 1.29698e-03
7.46000e+04 1.26926e-03
7.50000e+04 1.24391e-03
7.54000e+04 1.22004e-03
7.58000e+04 1.19674e-03
7.62000e+04 1.17309e-03
7.66000e+04 1.14992e-03
7.70000e+04 1.12714e-03
7.74000e+04 1.10516e-03
7.78000e+04 1.08376e-03
7.82000e+04 1.06257e-03
7.86000e+04 1.04211e-03
7.90000e+04 1.02203e-03
7.94000e+04 1.00250e-03
7.98000e+04 9.83384e-04
8.02000e+04 9.64372e-04
8.06000e+04 9.46141e-04
8.10000e+04 9.28602e-04
8.14000e+04 9.11148e-04
8.18000e+04 8.94404e-04
8.22000e+04 8.77928e-04
8.26000e+04 8.61698e-04
8.30000e+04 8.45818e-04
8.34000e+04 8.30192e-04
8.38000e+04 8.15055e-04
8.42000e+04 8.00546e-04
8.46000e+04 7.86065e-04
8.50000e+04 7.71974e-04
8.54000e+04 7.58154e-04
8.58000e+04 7.44725e-04
8.62000e+04 7.31624e-04
8.66000e+04 7.18724e-04
8.70000e+04 7.06105e-04
8.74000e+04 6.93782e-04
8.78000e+04 6.81700e-04
8.82000e+04 6.69701e-04
8.86000e+04 6.58187e-04
8.90000e+04 6.46845e-04
8.94000e+04 6.35878e-04
8.98000e+04 6.24873e-04
9.02000e+04 6.14482e-04
9.06000e+04 6.04114e-04
9.10000e+04 5.93676e-04
9.14000e+04 5.83894e-04
9.18000e+04 5.74316e-04
9.22000e+04 5.64849e-04
9.26000e+04 5.55502e-04
9.30000e+04 5.46384e-04
9.34000e+04 5.37361e-04
9.38000e+04 5.28596e-04
9.42000e+04 5.19977e-04
9.46000e+04 5.11505e-04
9.50000e+04 5.03257e-04
9.54000e+04 4.95226e-04
9.58000e+04 4.87329e-04
9.62000e+04 4.79528e-04
9.66000e+04 4.71961e-04
9.70000e+04 4.64444e-04
9.74000e+04 4.56850e-04
9.78000e+04 4.49809e-04
9.82000e+04 4.42908e-04
9.86000e+04 4.36047e-04
9.90000e+04 4.29281e-04
9.94000e+04 4.22626e-04
9.98000e+04 4.16113e-04
1.00200e+05 3.35106e-04
2.00000e+05 3.04466e-05
4.00000e+05 2.29661e-06
6.00000e+05 3.90161e-07
8.00000e+05 1.18937e-07
1.00000e+06 4.81836e-08
1.20000e+06 2.32369e-08
1.40000e+06 1.26206e-08
1.60000e+06 7.92191e-09
