9.10000e+01 5.07383e-01
9.40000e+01 5.39558e-01
9.60000e+01 5.54676e-01
9.80000e+01 6.52130e-01
1.00000e+02 8.35918e-01
1.02000e+02 8.49221e-01
1.04000e+02 8.53360e-01
1.06000e+02 8.62304e-01
1.08000e+02 8.69309e-01
1.10000e+02 8.95295e-01
1.14000e+02 9.07225e-01
1.18000e+02 9.12311e-01
1.21000e+02 1.00666e+00
1.25000e+02 1.01770e+00
1.27000e+02 1.02671e+00
1.28000e+02 1.03017e+00
1.31000e+02 1.03314e+00
1.32000e+02 1.04638e+00
1.34000e+02 1.04067e+00
1.37000e+02 1.06434e+00
1.40000e+02 1.06604e+00
1.43000e+02 1.14473e+00
1.47000e+02 1.21527e+00
1.51000e+02 1.17686e+00
1.55000e+02 1.23280e+00
1.59000e+02 1.24160e+00
1.62000e+02 1.24783e+00
1.66000e+02 1.25788e+00
1.70000e+02 1.26597e+00
1.73000e+02 1.24651e+00
1.77000e+02 1.28154e+00
1.80000e+02 1.28793e+00
1.82000e+02 1.29274e+00
1.86000e+02 1.30013e+00
1.91000e+02 1.30746e+00
1.94000e+02 1.31493e+00
1.98000e+02 1.32271e+00
2.02000e+02 1.32999e+00
2.05000e+02 1.33492e+00
2.10000e+02 1.32055e+00
2.16000e+02 1.35284e+00
2.20000e+02 1.36128e+00
2.23000e+02 1.36146e+00
2.27000e+02 1.37303e+00
2.30000e+02 1.75548e+00
2.34000e+02 3.98776e+00
2.40000e+02 1.23766e+01
2.46000e+02 1.21294e+01
2.52000e+02 1.31874e+01
2.57000e+02 5.52264e+00
2.60000e+02 1.30818e+01
2.64000e+02 1.65030e+01
2.69000e+02 1.68169e+01
2.74000e+02 1.66419e+01
2.79000e+02 1.61095e+01
2.84000e+02 1.65525e+01
2.90000e+02 1.56343e+01
2.96000e+02 1.44180e+01
3.01000e+02 8.59245e+00
3.08000e+02 1.15610e+01
3.18000e+02 1.66513e+01
3.28000e+02 1.67626e+01
3.38000e+02 1.64652e+01
3.48000e+02 1.60547e+01
3.57000e+02 1.64406e+01
3.66000e+02 1.72705e+01
3.75000e+02 1.68321e+01
3.85000e+02 1.57452e+01
3.95000e+02 1.64265e+01
4.05000e+02 1.66782e+01
4.14000e+02 1.63348e+01
4.22000e+02 1.57546e+01
4.30000e+02 1.51784e+01
4.41000e+02 1.53389e+01
4.51000e+02 1.51101e+01
4.60000e+02 1.44175e+01
4.70000e+02 1.41028e+01
4.80000e+02 1.41559e+01
4.90000e+02 1.33339e+01
5.00000e+02 1.36418e+01
5.06000e+02 1.39819e+01
5.12000e+02 1.82282e+01
5.20000e+02 1.74800e+01
5.30000e+02 1.65559e+01
5.40000e+02 1.52302e+01
5.50000e+02 1.49660e+01
5.60000e+02 1.64280e+01
5.70000e+02 1.65349e+01
5.80000e+02 1.58347e+01
5.90000e+02 1.58162e+01
6.00000e+02 1.46584e+01
6.10000e+02 1.33600e+01
6.20000e+02 1.55639e+01
6.30000e+02 1.50291e+01
6.40000e+02 1.51387e+01
6.50000e+02 1.46921e+01
6.58000e+02 1.40625e+01
6.65000e+02 1.44878e+01
6.75000e+02 1.45855e+01
6.85000e+02 1.34646e+01
6.95000e+02 1.40699e+01
7.05000e+02 1.27780e+01
7.16000e+02 1.38655e+01
7.26000e+02 1.36687e+01
7.35000e+02 1.35614e+01
7.45000e+02 1.31619e+01
7.55000e+02 1.29279e+01
7.65000e+02 1.18340e+01
7.75000e+02 1.25428e+01
7.85000e+02 1.21855e+01
7.95000e+02 1.22000e+01
8.05000e+02 1.20584e+01
8.15000e+02 1.19495e+01
8.25000e+02 1.18721e+01
8.35000e+02 1.03434e+01
8.45000e+02 1.14004e+01
8.55000e+02 1.12059e+01
8.65000e+02 1.12365e+01
8.75000e+02 1.11288e+01
8.85000e+02 1.10165e+01
8.95000e+02 1.09156e+01
9.05000e+02 1.06930e+01
9.15000e+02 1.06887e+01
9.25000e+02 2.25070e+01
9.35000e+02 3.35372e+01
9.45000e+02 4.54516e+01
9.55000e+02 5.06338e+01
9.65000e+02 5.64925e+01
9.75000e+02 2.90645e+01
9.85000e+02 5.13964e+01
9.95000e+02 4.74523e+01
1.00500e+03 5.19693e+01
1.01500e+03 5.05163e+01
1.02500e+03 3.21201e+01
1.03500e+03 4.52951e+01
1.04500e+03 5.40314e+01
1.05500e+03 5.19284e+01
1.06500e+03 4.64186e+01
1.07500e+03 4.79047e+01
1.08500e+03 4.17871e+01
1.09500e+03 4.63898e+01
1.10500e+03 4.37940e+01
1.11500e+03 4.26192e+01
1.12500e+03 3.86603e+01
1.13500e+03 4.10827e+01
1.14500e+03 3.86092e+01
1.15500e+03 3.79680e+01
1.16500e+03 3.70649e+01
1.17500e+03 2.91327e+01
1.18500e+03 3.43334e+01
1.19500e+03 3.16230e+01
1.20500e+03 2.81695e+01
1.20844e+03 2.50315e+01
1.20859e+03 2.49026e+01
1.20873e+03 2.47752e+01
1.20888e+03 2.46500e+01
1.20902e+03 2.45284e+01
1.20916e+03 2.44121e+01
1.20931e+03 2.43037e+01
1.20945e+03 2.42071e+01
1.20960e+03 2.41276e+01
1.20974e+03 2.40734e+01
1.20989e+03 2.40552e+01
1.21003e+03 2.40882e+01
1.21018e+03 2.41932e+01
1.21032e+03 2.43981e+01
1.21047e+03 2.47405e+01
1.21061e+03 2.52689e+01
1.21076e+03 2.60468e+01
1.21090e+03 2.71554e+01
1.21104e+03 2.86963e+01
1.21119e+03 3.07961e+01
1.21133e+03 3.36089e+01
1.21148e+03 3.73199e+01
1.21162e+03 4.21479e+01
1.21177e+03 4.83456e+01
1.21191e+03 5.62012e+01
1.21206e+03 6.60344e+01
1.21220e+03 7.81922e+01
1.21235e+03 9.30414e+01
1.21249e+03 1.10957e+02
1.21263e+03 1.32309e+02
1.21278e+03 1.57440e+02
1.21292e+03 1.86653e+02
1.21307e+03 2.20178e+02
1.21321e+03 2.58154e+02
1.21336e+03 3.00598e+02
1.21350e+03 3.47392e+02
1.21365e+03 3.98252e+02
1.21379e+03 4.52716e+02
1.21393e+03 5.10143e+02
1.21408e+03 5.69703e+02
1.21422e+03 6.30397e+02
1.21437e+03 6.91072e+02
1.21451e+03 7.50457e+02
1.21466e+03 8.07200e+02
1.21480e+03 8.59923e+02
1.21495e+03 9.07262e+02
1.21500e+03 9.22944e+02
1.21509e+03 9.48117e+02
1.21524e+03 9.81270e+02
1.21538e+03 1.00569e+03
1.21553e+03 1.02067e+03
1.21567e+03 1.02575e+03
1.21582e+03 1.02080e+03
1.21596e+03 1.00596e+03
1.21610e+03 9.81692e+02
1.21625e+03 9.48690e+02
1.21639e+03 9.07909e+02
1.21654e+03 8.60491e+02
1.21668e+03 8.07712e+02
1.21683e+03 7.50927e+02
1.21697e+03 6.91520e+02
1.21712e+03 6.30839e+02
1.21726e+03 5.70157e+02
1.21740e+03 5.10623e+02
1.21755e+03 4.53235e+02
1.21769e+03 3.98818e+02
1.21784e+03 3.48014e+02
1.21798e+03 3.01280e+02
1.21813e+03 2.58898e+02
1.21827e+03 2.20986e+02
1.21842e+03 1.87524e+02
1.21856e+03 1.58370e+02
1.21871e+03 1.33293e+02
1.21885e+03 1.11993e+02
1.21899e+03 9.41237e+01
1.21914e+03 7.93155e+01
1.21928e+03 6.71937e+01
1.21943e+03 5.73917e+01
1.21957e+03 4.95624e+01
1.21972e+03 4.33869e+01
1.21986e+03 3.85776e+01
1.22001e+03 3.48818e+01
1.22015e+03 3.20816e+01
1.22030e+03 2.99920e+01
1.22044e+03 2.84592e+01
1.22059e+03 2.73571e+01
1.22073e+03 2.65845e+01
1.22087e+03 2.60602e+01
1.22102e+03 2.57213e+01
1.22116e+03 2.55191e+01
1.22131e+03 2.54162e+01
1.22145e+03 2.53848e+01
1.22160e+03 2.54044e+01
1.22174e+03 2.54598e+01
1.22189e+03 2.55401e+01
1.22203e+03 2.56376e+01
1.22217e+03 2.57465e+01
1.22232e+03 2.58633e+01
1.22246e+03 2.59852e+01
1.22261e+03 2.61106e+01
1.22275e+03 2.62380e+01
1.22290e+03 2.63668e+01
1.22500e+03 2.82669e+01
1.23500e+03 3.10758e+01
1.24500e+03 3.12428e+01
1.25500e+03 3.06579e+01
1.26500e+03 3.00314e+01
1.27500e+03 3.09141e+01
1.28500e+03 3.06907e+01
1.29500e+03 2.84870e+01
1.30500e+03 2.84820e+01
1.31500e+03 2.98100e+01
1.32500e+03 2.88755e+01
1.33500e+03 2.79166e+01
1.34500e+03 2.85974e+01
1.35500e+03 2.82554e+01
1.36500e+03 2.72490e+01
1.37500e+03 2.70305e+01
1.38500e+03 2.69391e+01
1.39500e+03 2.32994e+01
1.40500e+03 2.28955e+01
1.41500e+03 2.59562e+01
1.42500e+03 2.51445e+01
1.43500e+03 2.56369e+01
1.44200e+03 2.57635e+01
1.44700e+03 2.55834e+01
1.45500e+03 2.51053e+01
1.46500e+03 2.44953e+01
1.47500e+03 2.43709e+01
1.48500e+03 2.42957e+01
1.49500e+03 2.39612e+01
1.50500e+03 2.32973e+01
1.51200e+03 2.23266e+01
1.51700e+03 2.25702e+01
1.52500e+03 2.24361e+01
1.53500e+03 2.06849e+01
1.54500e+03 1.95105e+01
1.55500e+03 1.92578e+01
1.56500e+03 2.02380e+01
1.57500e+03 2.07415e+01
1.58500e+03 2.06709e+01
1.59500e+03 2.05689e+01
1.60500e+03 1.98475e+01
1.61500e+03 1.94526e+01
1.62500e+03 1.92239e+01
1.63500e+03 1.93468e+01
1.64500e+03 1.89298e+01
1.65500e+03 1.88645e+01
1.66500e+03 1.88734e+01
1.67200e+03 1.80554e+01
1.67700e+03 1.89657e+01
1.68500e+03 1.86357e+01
1.69500e+03 1.80652e+01
1.70500e+03 1.75636e+01
1.71500e+03 1.69547e+01
1.72500e+03 1.66129e+01
1.73500e+03 1.68505e+01
1.74500e+03 1.64639e+01
1.75500e+03 1.63930e+01
1.76500e+03 1.58839e+01
1.77500e+03 1.56110e+01
1.78500e+03 1.55404e+01
1.79500e+03 1.54498e+01
1.80500e+03 1.53114e+01
1.81500e+03 1.46467e+01
1.82500e+03 1.46019e+01
1.83500e+03 1.43108e+01
1.84500e+03 1.35816e+01
1.85500e+03 1.34123e+01
1.86500e+03 1.33922e+01
1.87500e+03 1.34617e+01
1.88500e+03 1.27177e+01
1.89500e+03 1.22551e+01
1.90500e+03 1.25640e+01
1.91500e+03 1.21312e+01
1.92500e+03 1.17201e+01
1.93500e+03 1.19527e+01
1.94500e+03 1.19946e+01
1.95500e+03 1.13084e+01
1.96700e+03 1.15854e+01
1.97600e+03 1.17013e+01
1.98400e+03 1.12384e+01
1.99500e+03 1.09552e+01
2.00500e+03 1.09812e+01
2.01500e+03 1.08403e+01
2.02500e+03 1.08794e+01
2.03500e+03 1.04216e+01
2.04500e+03 1.03490e+01
2.05500e+03 9.37517e+00
2.06500e+03 9.66627e+00
2.07400e+03 1.02216e+01
2.07800e+03 9.86141e+00
2.08500e+03 9.90983e+00
2.09500e+03 9.57792e+00
2.10500e+03 9.61820e+00
2.11500e+03 9.56377e+00
2.12500e+03 9.51674e+00
2.13500e+03 9.30886e+00
2.14500e+03 9.10319e+00
2.15500e+03 9.16206e+00
2.16500e+03 8.96106e+00
2.17500e+03 8.88090e+00
2.18500e+03 8.71259e+00
2.19500e+03 8.73609e+00
2.20500e+03 8.58831e+00
2.21500e+03 8.40331e+00
2.22500e+03 8.27005e+00
2.23500e+03 8.24282e+00
2.24500e+03 8.13539e+00
2.25500e+03 7.95259e+00
2.26500e+03 7.94850e+00
2.27500e+03 7.88747e+00
2.28500e+03 7.82151e+00
2.29500e+03 7.56807e+00
2.30500e+03 7.55684e+00
2.31500e+03 7.45531e+00
2.32500e+03 6.89584e+00
2.33500e+03 7.23259e+00
2.34500e+03 7.14759e+00
2.35500e+03 7.14468e+00
2.36500e+03 7.01066e+00
2.37500e+03 6.95764e+00
2.38500e+03 6.77979e+00
2.39500e+03 6.81787e+00
2.40500e+03 6.72065e+00
2.41500e+03 6.67158e+00
2.42500e+03 6.66889e+00
2.43500e+03 6.54257e+00
2.44500e+03 6.53893e+00
2.45500e+03 6.47782e+00
2.46500e+03 6.40335e+00
2.47500e+03 6.32598e+00
2.48500e+03 6.29834e+00
2.49500e+03 5.86605e+00
2.50500e+03 6.19021e+00
2.51300e+03 5.95232e+00
2.51800e+03 6.07941e+00
2.52500e+03 6.01995e+00
2.53500e+03 5.96630e+00
2.54500e+03 5.88477e+00
2.55500e+03 5.89498e+00
2.56500e+03 5.83526e+00
2.57500e+03 5.83026e+00
2.58500e+03 5.77815e+00
2.59500e+03 5.71450e+00
2.60500e+03 5.63689e+00
2.61500e+03 5.57767e+00
2.62500e+03 5.55065e+00
2.63500e+03 5.50916e+00
2.64500e+03 5.52809e+00
2.65500e+03 5.47804e+00
2.66500e+03 5.37140e+00
2.67500e+03 5.34787e+00
2.68500e+03 5.31508e+00
2.69500e+03 5.21329e+00
2.70500e+03 5.18968e+00
2.71500e+03 5.11724e+00
2.72500e+03 5.05890e+00
2.73500e+03 5.02316e+00
2.74500e+03 4.92054e+00
2.75500e+03 4.88537e+00
2.76500e+03 4.84994e+00
2.77500e+03 4.85598e+00
2.78500e+03 4.79316e+00
2.79500e+03 4.61460e+00
2.80500e+03 4.63821e+00
2.81500e+03 4.67266e+00
2.82500e+03 4.61311e+00
2.83500e+03 4.52388e+00
2.84500e+03 4.49959e+00
2.85500e+03 4.45239e+00
2.86500e+03 4.43627e+00
2.87500e+03 4.38174e+00
2.88500e+03 4.34527e+00
2.89500e+03 4.29547e+00
2.91000e+03 4.25366e+00
2.93000e+03 4.15738e+00
2.95000e+03 4.05613e+00
2.97000e+03 3.99403e+00
2.99000e+03 3.91188e+00
3.01000e+03 3.83473e+00
3.03000e+03 3.76428e+00
3.05000e+03 3.69057e+00
3.07000e+03 3.61834e+00
3.09000e+03 3.54561e+00
3.11000e+03 3.48183e+00
3.13000e+03 3.40881e+00
3.15000e+03 3.35379e+00
3.17000e+03 3.29296e+00
3.19000e+03 3.21378e+00
3.21000e+03 3.17349e+00
3.23000e+03 3.12273e+00
3.25000e+03 3.08150e+00
3.27000e+03 3.03614e+00
3.29000e+03 2.99140e+00
3.31000e+03 2.95036e+00
3.33000e+03 2.90353e+00
3.35000e+03 2.85490e+00
3.37000e+03 2.81430e+00
3.39000e+03 2.77886e+00
3.41000e+03 2.74630e+00
3.43000e+03 2.67009e+00
3.45000e+03 2.63646e+00
3.47000e+03 2.61234e+00
3.49000e+03 2.58202e+00
3.51000e+03 2.55878e+00
3.53000e+03 2.52523e+00
3.55000e+03 2.50096e+00
3.57000e+03 2.46295e+00
3.59000e+03 2.42639e+00
3.61000e+03 2.40485e+00
3.63000e+03 2.37960e+00
3.64000e+03 2.36892e+00
3.65000e+03 2.05898e+00
3.67000e+03 2.02443e+00
3.69000e+03 2.00238e+00
3.71000e+03 2.09577e+00
3.72384e+03 2.08573e+00
3.72390e+03 2.08816e+00
3.72396e+03 2.09210e+00
3.72403e+03 2.09836e+00
3.72409e+03 2.10820e+00
3.72415e+03 2.12348e+00
3.72421e+03 2.14694e+00
3.72428e+03 2.18258e+00
3.72434e+03 2.23610e+00
3.72440e+03 2.31566e+00
3.72447e+03 2.43264e+00
3.72453e+03 2.60283e+00
3.72459e+03 2.84776e+00
3.72466e+03 3.19656e+00
3.72472e+03 3.68792e+00
3.72478e+03 4.37273e+00
3.72485e+03 5.31691e+00
3.72491e+03 6.60463e+00
3.72497e+03 8.34190e+00
3.72504e+03 1.06602e+01
3.72510e+03 1.37198e+01
3.72516e+03 1.77137e+01
3.72523e+03 2.28688e+01
3.72529e+03 2.94489e+01
3.72535e+03 3.77534e+01
3.72542e+03 4.81152e+01
3.72548e+03 6.08958e+01
3.72554e+03 7.64767e+01
3.72561e+03 9.52490e+01
3.72567e+03 1.17596e+02
3.72573e+03 1.43880e+02
3.72580e+03 1.74413e+02
3.72586e+03 2.09435e+02
3.72592e+03 2.49091e+02
3.72599e+03 2.93404e+02
3.72605e+03 3.42248e+02
3.72611e+03 3.95329e+02
3.72618e+03 4.52170e+02
3.72624e+03 5.12101e+02
3.72630e+03 5.74262e+02
3.72637e+03 6.37611e+02
3.72643e+03 7.00949e+02
3.72649e+03 7.62953e+02
3.72656e+03 8.22217e+02
3.72662e+03 8.77299e+02
3.72668e+03 9.26787e+02
3.72675e+03 9.69354e+02
3.72681e+03 1.00381e+03
3.72687e+03 1.02917e+03
3.72694e+03 1.04470e+03
3.72700e+03 1.04992e+03
3.72706e+03 1.04471e+03
3.72713e+03 1.02920e+03
3.72719e+03 1.00384e+03
3.72725e+03 9.69383e+02
3.72732e+03 9.26823e+02
3.72738e+03 8.77338e+02
3.72744e+03 8.22260e+02
3.72751e+03 7.62998e+02
3.72757e+03 7.00996e+02
3.72763e+03 6.37656e+02
3.72770e+03 5.74308e+02
3.72776e+03 5.12146e+02
3.72782e+03 4.52212e+02
3.72789e+03 3.95369e+02
3.72795e+03 3.42285e+02
3.72801e+03 2.93437e+02
3.72808e+03 2.49120e+02
3.72814e+03 2.09461e+02
3.72820e+03 1.74435e+02
3.72827e+03 1.43900e+02
3.72833e+03 1.17612e+02
3.72839e+03 9.52617e+01
3.72846e+03 7.64867e+01
3.72852e+03 6.09034e+01
3.72858e+03 4.81208e+01
3.72865e+03 3.77571e+01
3.72871e+03 2.94512e+01
3.72877e+03 2.28696e+01
3.72884e+03 1.77133e+01
3.72890e+03 1.37187e+01
3.72896e+03 1.06582e+01
3.72903e+03 8.33935e+00
3.72909e+03 6.60156e+00
3.72915e+03 5.31341e+00
3.72922e+03 4.36888e+00
3.72928e+03 3.68377e+00
3.72934e+03 3.19215e+00
3.72941e+03 2.84315e+00
3.72947e+03 2.59801e+00
3.72953e+03 2.42766e+00
3.72960e+03 2.31052e+00
3.72966e+03 2.23080e+00
3.72972e+03 2.17713e+00
3.72979e+03 2.14135e+00
3.72985e+03 2.11776e+00
3.72991e+03 2.10235e+00
3.72997e+03 2.09238e+00
3.73000e+03 2.08956e+00
3.73004e+03 2.08638e+00
3.73010e+03 2.08297e+00
3.73016e+03 2.08106e+00
3.75000e+03 2.26035e+00
3.77000e+03 2.26252e+00
3.79000e+03 2.38370e+00
3.81000e+03 2.50140e+00
3.83000e+03 2.20761e+00
3.85000e+03 2.51779e+00
3.87000e+03 2.54788e+00
3.89000e+03 2.08781e+00
3.91000e+03 2.50006e+00
3.93000e+03 2.36815e+00
3.95000e+03 2.40749e+00
3.97000e+03 1.90182e+00
3.99000e+03 2.36156e+00
4.01000e+03 2.37726e+00
4.03000e+03 2.31328e+00
4.05000e+03 2.31358e+00
4.07000e+03 2.25096e+00
4.09000e+03 2.11830e+00
4.11000e+03 1.86631e+00
4.13000e+03 2.13733e+00
4.15000e+03 2.12974e+00
4.17000e+03 2.10043e+00
4.19000e+03 2.07168e+00
4.21000e+03 2.04284e+00
4.23000e+03 2.00966e+00
4.25000e+03 1.97865e+00
4.27000e+03 1.93189e+00
4.29000e+03 1.90385e+00
4.31000e+03 1.83995e+00
4.33000e+03 1.71996e+00
4.35000e+03 1.57396e+00
4.37000e+03 1.79830e+00
4.39000e+03 1.75729e+00
4.41000e+03 1.74748e+00
4.43000e+03 1.73398e+00
4.45000e+03 1.71323e+00
4.47000e+03 1.66723e+00
4.49000e+03 1.66916e+00
4.51000e+03 1.67007e+00
4.53000e+03 1.62621e+00
4.55000e+03 1.59961e+00
4.57000e+03 1.60015e+00
4.59000e+03 1.56527e+00
4.61000e+03 1.55809e+00
4.63000e+03 1.52839e+00
4.65000e+03 1.50937e+00
4.67000e+03 1.49969e+00
4.69000e+03 1.47498e+00
4.71000e+03 1.44254e+00
4.73000e+03 1.44510e+00
4.75000e+03 1.43416e+00
4.77000e+03 1.42067e+00
4.79000e+03 1.40146e+00
4.81000e+03 1.38092e+00
4.83000e+03 1.36038e+00
4.85000e+03 1.26520e+00
4.85787e+03 1.21357e+00
4.85795e+03 1.21332e+00
4.85804e+03 1.21327e+00
4.85812e+03 1.21348e+00
4.85820e+03 1.21412e+00
4.85828e+03 1.21541e+00
4.85837e+03 1.21771e+00
4.85845e+03 1.22145e+00
4.85853e+03 1.22735e+00
4.85861e+03 1.23638e+00
4.85870e+03 1.24991e+00
4.85878e+03 1.26984e+00
4.85886e+03 1.29877e+00
4.85894e+03 1.34017e+00
4.85903e+03 1.39873e+00
4.85911e+03 1.48057e+00
4.85919e+03 1.59359e+00
4.85927e+03 1.74792e+00
4.85936e+03 1.95633e+00
4.85944e+03 2.23461e+00
4.85952e+03 2.60206e+00
4.85960e+03 3.08185e+00
4.85969e+03 3.70132e+00
4.85977e+03 4.49217e+00
4.85985e+03 5.49040e+00
4.85994e+03 6.73606e+00
4.86002e+03 8.27260e+00
4.86010e+03 1.01459e+01
4.86018e+03 1.24031e+01
4.86027e+03 1.50902e+01
4.86035e+03 1.82508e+01
4.86043e+03 2.19221e+01
4.86051e+03 2.61335e+01
4.86060e+03 3.09023e+01
4.86068e+03 3.62311e+01
4.86076e+03 4.21046e+01
4.86084e+03 4.84879e+01
4.86093e+03 5.53232e+01
4.86101e+03 6.25300e+01
4.86109e+03 7.00050e+01
4.86117e+03 7.76228e+01
4.86126e+03 8.52395e+01
4.86134e+03 9.26956e+01
4.86142e+03 9.98221e+01
4.86150e+03 1.06446e+02
4.86159e+03 1.12396e+02
4.86167e+03 1.17515e+02
4.86175e+03 1.21657e+02
4.86184e+03 1.24707e+02
4.86192e+03 1.26574e+02
4.86200e+03 1.27201e+02
4.86208e+03 1.26572e+02
4.86216e+03 1.24705e+02
4.86225e+03 1.21655e+02
4.86233e+03 1.17512e+02
4.86241e+03 1.12392e+02
4.86250e+03 1.06441e+02
4.86258e+03 9.98149e+01
4.86266e+03 9.26884e+01
4.86274e+03 8.52313e+01
4.86283e+03 7.76136e+01
4.86291e+03 6.99945e+01
4.86299e+03 6.25185e+01
4.86307e+03 5.53105e+01
4.86316e+03 4.84739e+01
4.86324e+03 4.20896e+01
4.86332e+03 3.62146e+01
4.86340e+03 3.08848e+01
4.86349e+03 2.61148e+01
4.86357e+03 2.19022e+01
4.86365e+03 1.82298e+01
4.86373e+03 1.50680e+01
4.86382e+03 1.23796e+01
4.86390e+03 1.01213e+01
4.86398e+03 8.24679e+00
4.86406e+03 6.70909e+00
4.86415e+03 5.46230e+00
4.86423e+03 4.46291e+00
4.86431e+03 3.67094e+00
4.86440e+03 3.05034e+00
4.86448e+03 2.56945e+00
4.86456e+03 2.20088e+00
4.86464e+03 1.92149e+00
4.86473e+03 1.71200e+00
4.86481e+03 1.55656e+00
4.86489e+03 1.44244e+00
4.86497e+03 1.35952e+00
4.86506e+03 1.29986e+00
4.86514e+03 1.25736e+00
4.86522e+03 1.22735e+00
4.86530e+03 1.20632e+00
4.86539e+03 1.19170e+00
4.86547e+03 1.18159e+00
4.86555e+03 1.17459e+00
4.86563e+03 1.16975e+00
4.86572e+03 1.16639e+00
4.86580e+03 1.16398e+00
4.86588e+03 1.16225e+00
4.86596e+03 1.16095e+00
4.86605e+03 1.15993e+00
4.87000e+03 1.13314e+00
4.89000e+03 1.30875e+00
4.91000e+03 1.30443e+00
4.93000e+03 1.27559e+00
4.95000e+03 1.28591e+00
4.95608e+03 1.28374e+00
4.95617e+03 1.28463e+00
4.95625e+03 1.28614e+00
4.95634e+03 1.28854e+00
4.95642e+03 1.29233e+00
4.95650e+03 1.29822e+00
4.95659e+03 1.30728e+00
4.95667e+03 1.32107e+00
4.95676e+03 1.34177e+00
4.95684e+03 1.37257e+00
4.95693e+03 1.41786e+00
4.95701e+03 1.48378e+00
4.95709e+03 1.57865e+00
4.95718e+03 1.71374e+00
4.95726e+03 1.90408e+00
4.95735e+03 2.16937e+00
4.95743e+03 2.53514e+00
4.95751e+03 3.03400e+00
4.95760e+03 3.70704e+00
4.95768e+03 4.60514e+00
4.95777e+03 5.79049e+00
4.95785e+03 7.33773e+00
4.95794e+03 9.33491e+00
4.95802e+03 1.18841e+01
4.95810e+03 1.51016e+01
4.95819e+03 1.91158e+01
4.95827e+03 2.40671e+01
4.95836e+03 3.01034e+01
4.95844e+03 3.73761e+01
4.95853e+03 4.60340e+01
4.95861e+03 5.62164e+01
4.95869e+03 6.80449e+01
4.95878e+03 8.16128e+01
4.95886e+03 9.69761e+01
4.95895e+03 1.14144e+02
4.95903e+03 1.33066e+02
4.95911e+03 1.53630e+02
4.95920e+03 1.75650e+02
4.95928e+03 1.98869e+02
4.95937e+03 2.22949e+02
4.95945e+03 2.47490e+02
4.95954e+03 2.72029e+02
4.95962e+03 2.96049e+02
4.95970e+03 3.19008e+02
4.95979e+03 3.40346e+02
4.95987e+03 3.59519e+02
4.95996e+03 3.76009e+02
4.96004e+03 3.89356e+02
4.96013e+03 3.99182e+02
4.96021e+03 4.05197e+02
4.96030e+03 4.07222e+02
4.96038e+03 4.05198e+02
4.96046e+03 3.99186e+02
4.96055e+03 3.89363e+02
4.96063e+03 3.76016e+02
4.96072e+03 3.59527e+02
4.96080e+03 3.40357e+02
4.96089e+03 3.19018e+02
4.96097e+03 2.96060e+02
4.96105e+03 2.72039e+02
4.96114e+03 2.47502e+02
4.96122e+03 2.22959e+02
4.96131e+03 1.98878e+02
4.96139e+03 1.75661e+02
4.96148e+03 1.53639e+02
4.96156e+03 1.33074e+02
4.96164e+03 1.14151e+02
4.96173e+03 9.69822e+01
4.96181e+03 8.16179e+01
4.96190e+03 6.80491e+01
4.96198e+03 5.62197e+01
4.96206e+03 4.60363e+01
4.96215e+03 3.73775e+01
4.96223e+03 3.01043e+01
4.96232e+03 2.40672e+01
4.96240e+03 1.91154e+01
4.96249e+03 1.51006e+01
4.96257e+03 1.18827e+01
4.96265e+03 9.33315e+00
4.96274e+03 7.33561e+00
4.96282e+03 5.78808e+00
4.96291e+03 4.60249e+00
4.96299e+03 3.70414e+00
4.96308e+03 3.03092e+00
4.96316e+03 2.53189e+00
4.96324e+03 2.16594e+00
4.96333e+03 1.90052e+00
4.96341e+03 1.71005e+00
4.96350e+03 1.57484e+00
4.96358e+03 1.47985e+00
4.96366e+03 1.41382e+00
4.96375e+03 1.36842e+00
4.96383e+03 1.33752e+00
4.96392e+03 1.31669e+00
4.96400e+03 1.30281e+00
4.96409e+03 1.29365e+00
4.96417e+03 1.28764e+00
4.96426e+03 1.28377e+00
4.96434e+03 1.28126e+00
4.96442e+03 1.27966e+00
4.96451e+03 1.27864e+00
4.97000e+03 1.27383e+00
4.99000e+03 1.24632e+00
5.00253e+03 1.22948e+00
5.00265e+03 1.23133e+00
5.00276e+03 1.23440e+00
5.00287e+03 1.23936e+00
5.00299e+03 1.24722e+00
5.00310e+03 1.25948e+00
5.00322e+03 1.27842e+00
5.00333e+03 1.30723e+00
5.00344e+03 1.35057e+00
5.00356e+03 1.41504e+00
5.00367e+03 1.50992e+00
5.00379e+03 1.64798e+00
5.00390e+03 1.84676e+00
5.00402e+03 2.12988e+00
5.00413e+03 2.52877e+00
5.00424e+03 3.08478e+00
5.00436e+03 3.85138e+00
5.00447e+03 4.89698e+00
5.00459e+03 6.30766e+00
5.00470e+03 8.19013e+00
5.00481e+03 1.06747e+01
5.00493e+03 1.39178e+01
5.00504e+03 1.81041e+01
5.00516e+03 2.34476e+01
5.00527e+03 3.01915e+01
5.00539e+03 3.86059e+01
5.00550e+03 4.89846e+01
5.00561e+03 6.16373e+01
5.00573e+03 7.68818e+01
5.00584e+03 9.50300e+01
5.00596e+03 1.16374e+02
5.00607e+03 1.41169e+02
5.00619e+03 1.69608e+02
5.00630e+03 2.01813e+02
5.00641e+03 2.37798e+02
5.00653e+03 2.77464e+02
5.00664e+03 3.20569e+02
5.00676e+03 3.66729e+02
5.00687e+03 4.15397e+02
5.00698e+03 4.65875e+02
5.00710e+03 5.17320e+02
5.00721e+03 5.68755e+02
5.00733e+03 6.19108e+02
5.00744e+03 6.67235e+02
5.00755e+03 7.11966e+02
5.00767e+03 7.52154e+02
5.00778e+03 7.86721e+02
5.00790e+03 8.14703e+02
5.00801e+03 8.35300e+02
5.00812e+03 8.47908e+02
5.00824e+03 8.52155e+02
5.00835e+03 8.47914e+02
5.00847e+03 8.35311e+02
5.00858e+03 8.14721e+02
5.00870e+03 7.86742e+02
5.00881e+03 7.52180e+02
5.00892e+03 7.11995e+02
5.00904e+03 6.67267e+02
5.00915e+03 6.19143e+02
5.00927e+03 5.68791e+02
5.00938e+03 5.17354e+02
5.00949e+03 4.65910e+02
5.00961e+03 4.15429e+02
5.00972e+03 3.66760e+02
5.00984e+03 3.20599e+02
5.00995e+03 2.77490e+02
5.01000e+03 2.60047e+02
5.01006e+03 2.37820e+02
5.01018e+03 2.01833e+02
5.01029e+03 1.69627e+02
5.01041e+03 1.41182e+02
5.01052e+03 1.16385e+02
5.01064e+03 9.50384e+01
5.01075e+03 7.68877e+01
5.01086e+03 6.16412e+01
5.01098e+03 4.89864e+01
5.01109e+03 3.86061e+01
5.01121e+03 3.01901e+01
5.01132e+03 2.34451e+01
5.01144e+03 1.81004e+01
5.01155e+03 1.39132e+01
5.01166e+03 1.06693e+01
5.01178e+03 8.18414e+00
5.01189e+03 6.30115e+00
5.01201e+03 4.89003e+00
5.01212e+03 3.84406e+00
5.01223e+03 3.07714e+00
5.01235e+03 2.52088e+00
5.01246e+03 2.12176e+00
5.01258e+03 1.83844e+00
5.01269e+03 1.63948e+00
5.01281e+03 1.50124e+00
5.01292e+03 1.40622e+00
5.01303e+03 1.34159e+00
5.01315e+03 1.29811e+00
5.01326e+03 1.26916e+00
5.01338e+03 1.25010e+00
5.01349e+03 1.23769e+00
5.01360e+03 1.22971e+00
5.01372e+03 1.22461e+00
5.01383e+03 1.22142e+00
5.03000e+03 1.22375e+00
5.05000e+03 1.20612e+00
5.07000e+03 1.20880e+00
5.09000e+03 1.18753e+00
5.11000e+03 1.17873e+00
5.13000e+03 1.15951e+00
5.15000e+03 1.14390e+00
5.17000e+03 1.12770e+00
5.19000e+03 1.12283e+00
5.21000e+03 1.11596e+00
5.23000e+03 1.10920e+00
5.25000e+03 1.10593e+00
5.27000e+03 1.07658e+00
5.29000e+03 1.08855e+00
5.31000e+03 1.08346e+00
5.33000e+03 1.05947e+00
5.35000e+03 1.06586e+00
5.37000e+03 1.05617e+00
5.39000e+03 1.04123e+00
5.41000e+03 1.02791e+00
5.43000e+03 1.02105e+00
5.45000e+03 1.02244e+00
5.47000e+03 1.00770e+00
5.49000e+03 9.98713e-01
5.51000e+03 9.89939e-01
5.53000e+03 9.84879e-01
5.55000e+03 9.80535e-01
5.57000e+03 9.68498e-01
5.59000e+03 9.56660e-01
5.61000e+03 9.55071e-01
5.63000e+03 9.45582e-01
5.65000e+03 9.37562e-01
5.67000e+03 9.24741e-01
5.69000e+03 9.22275e-01
5.71000e+03 9.05743e-01
5.73000e+03 9.11807e-01
5.75000e+03 8.97951e-01
5.77000e+03 8.94031e-01
5.79000e+03 8.80838e-01
5.81000e+03 8.80768e-01
5.83000e+03 8.78415e-01
5.85000e+03 8.66952e-01
5.87000e+03 8.52304e-01
5.89000e+03 8.39239e-01
5.91000e+03 8.44989e-01
5.93000e+03 8.38634e-01
5.95000e+03 8.31354e-01
5.97000e+03 8.28972e-01
5.99000e+03 8.18463e-01
6.01000e+03 8.09787e-01
6.03000e+03 8.07189e-01
6.05000e+03 8.03919e-01
6.07000e+03 7.96785e-01
6.09000e+03 7.85024e-01
6.11000e+03 7.79539e-01
6.13000e+03 7.66065e-01
6.15000e+03 7.63324e-01
6.17000e+03 7.54756e-01
6.19000e+03 7.57778e-01
6.21000e+03 7.51659e-01
6.23000e+03 7.40509e-01
6.25000e+03 7.27117e-01
6.27000e+03 7.32870e-01
6.29000e+03 7.30026e-01
6.31000e+03 7.20179e-01
6.33000e+03 7.18853e-01
6.35000e+03 7.13498e-01
6.37000e+03 7.08527e-01
6.39000e+03 7.06199e-01
6.41000e+03 6.98432e-01
6.43000e+03 6.95721e-01
6.45000e+03 6.91298e-01
6.47000e+03 6.87146e-01
6.49000e+03 6.76969e-01
6.51000e+03 6.78293e-01
6.53000e+03 6.73103e-01
6.55000e+03 6.46616e-01
6.55741e+03 6.23596e-01
6.55756e+03 6.23611e-01
6.55770e+03 6.23910e-01
6.55784e+03 6.24651e-01
6.55799e+03 6.26074e-01
6.55813e+03 6.28533e-01
6.55828e+03 6.32547e-01
6.55842e+03 6.38876e-01
6.55856e+03 6.48611e-01
6.55871e+03 6.63297e-01
6.55885e+03 6.85103e-01
6.55900e+03 7.17029e-01
6.55914e+03 7.63177e-01
6.55928e+03 8.29082e-01
6.55943e+03 9.22109e-01
6.55957e+03 1.05194e+00
6.55972e+03 1.23111e+00
6.55986e+03 1.47564e+00
6.56001e+03 1.80569e+00
6.56015e+03 2.24627e+00
6.56029e+03 2.82789e+00
6.56044e+03 3.58721e+00
6.56058e+03 4.56750e+00
6.56073e+03 5.81888e+00
6.56087e+03 7.39830e+00
6.56101e+03 9.36910e+00
6.56116e+03 1.18001e+01
6.56130e+03 1.47638e+01
6.56144e+03 1.83346e+01
6.56159e+03 2.25857e+01
6.56173e+03 2.75854e+01
6.56188e+03 3.33935e+01
6.56202e+03 4.00557e+01
6.56216e+03 4.75996e+01
6.56231e+03 5.60295e+01
6.56245e+03 6.53213e+01
6.56260e+03 7.54193e+01
6.56274e+03 8.62324e+01
6.56289e+03 9.76334e+01
6.56303e+03 1.09458e+02
6.56317e+03 1.21510e+02
6.56332e+03 1.33559e+02
6.56346e+03 1.45355e+02
6.56361e+03 1.56629e+02
6.56375e+03 1.67108e+02
6.56389e+03 1.76523e+02
6.56404e+03 1.84620e+02
6.56418e+03 1.91175e+02
6.56433e+03 1.96000e+02
6.56447e+03 1.98953e+02
6.56461e+03 1.99947e+02
6.56476e+03 1.98955e+02
6.56490e+03 1.96001e+02
6.56505e+03 1.91178e+02
6.56519e+03 1.84623e+02
6.56533e+03 1.76526e+02
6.56548e+03 1.67111e+02
6.56562e+03 1.56633e+02
6.56577e+03 1.45358e+02
6.56591e+03 1.33561e+02
6.56605e+03 1.21512e+02
6.56620e+03 1.09459e+02
6.56634e+03 9.76327e+01
6.56649e+03 8.62304e+01
6.56663e+03 7.54157e+01
6.56677e+03 6.53162e+01
6.56692e+03 5.60228e+01
6.56706e+03 4.75912e+01
6.56721e+03 4.00454e+01
6.56735e+03 3.33816e+01
6.56749e+03 2.75718e+01
6.56764e+03 2.25705e+01
6.56778e+03 1.83178e+01
6.56793e+03 1.47455e+01
6.56807e+03 1.17804e+01
6.56822e+03 9.34805e+00
6.56836e+03 7.37595e+00
6.56850e+03 5.79527e+00
6.56865e+03 4.54271e+00
6.56879e+03 3.56129e+00
6.56894e+03 2.80086e+00
6.56908e+03 2.21818e+00
6.56922e+03 1.77657e+00
6.56937e+03 1.44551e+00
6.56951e+03 1.19998e+00
6.56965e+03 1.01985e+00
6.56980e+03 8.89058e-01
6.56994e+03 7.95080e-01
6.57000e+03 7.65943e-01
6.57009e+03 7.28831e-01
6.57023e+03 6.82731e-01
6.57038e+03 6.50859e-01
6.57052e+03 6.29110e-01
6.57066e+03 6.14482e-01
6.57081e+03 6.04808e-01
6.57095e+03 5.98540e-01
6.57110e+03 5.94587e-01
6.57124e+03 5.92192e-01
6.57138e+03 5.90834e-01
6.57153e+03 5.90155e-01
6.57167e+03 5.89919e-01
6.57182e+03 5.89968e-01
6.59000e+03 6.55392e-01
6.61000e+03 6.58493e-01
6.63000e+03 6.56517e-01
6.65000e+03 6.52406e-01
6.67000e+03 6.44569e-01
6.69000e+03 6.45877e-01
6.71000e+03 6.38699e-01
6.73000e+03 6.40140e-01
6.75000e+03 6.33785e-01
6.77000e+03 6.31839e-01
6.79000e+03 6.27075e-01
6.81000e+03 6.23746e-01
6.83000e+03 6.21885e-01
6.85000e+03 6.14439e-01
6.87000e+03 6.13504e-01
6.89000e+03 6.12628e-01
6.91000e+03 6.07917e-01
6.93000e+03 6.03070e-01
6.95000e+03 5.97081e-01
6.97000e+03 5.95651e-01
6.99000e+03 5.91177e-01
7.01000e+03 5.84129e-01
7.03000e+03 5.84405e-01
7.05000e+03 5.83536e-01
7.07000e+03 5.75348e-01
7.09000e+03 5.74421e-01
7.11000e+03 5.68286e-01
7.13000e+03 5.63709e-01
7.15000e+03 5.61497e-01
7.17000e+03 5.60269e-01
7.19000e+03 5.52112e-01
7.21000e+03 5.52825e-01
7.23000e+03 5.51535e-01
7.25000e+03 5.49661e-01
7.27000e+03 5.46202e-01
7.29000e+03 5.37808e-01
7.31000e+03 5.38072e-01
7.33000e+03 5.36116e-01
7.35000e+03 5.32785e-01
7.37000e+03 5.33266e-01
7.39000e+03 5.26952e-01
7.41000e+03 5.21048e-01
7.43000e+03 5.21308e-01
7.45000e+03 5.19252e-01
7.47000e+03 5.16443e-01
7.49000e+03 5.12495e-01
7.51000e+03 5.11249e-01
7.53000e+03 5.09758e-01
7.55000e+03 5.08164e-01
7.57000e+03 5.03985e-01
7.59000e+03 5.00234e-01
7.61000e+03 4.98049e-01
7.63000e+03 4.95528e-01
7.65000e+03 4.93037e-01
7.67000e+03 4.85660e-01
7.69000e+03 4.87458e-01
7.71000e+03 4.80764e-01
7.73000e+03 4.79486e-01
7.75000e+03 4.75585e-01
7.77000e+03 4.73685e-01
7.79000e+03 4.72855e-01
7.81000e+03 4.70403e-01
7.83000e+03 4.66124e-01
7.85000e+03 4.61339e-01
7.87000e+03 4.58842e-01
7.89000e+03 4.51421e-01
7.91000e+03 4.45217e-01
7.93000e+03 4.43046e-01
7.95000e+03 4.38442e-01
7.97000e+03 4.41472e-01
7.99000e+03 4.38037e-01
8.01000e+03 4.40281e-01
8.03000e+03 4.38089e-01
8.05000e+03 4.34286e-01
8.07000e+03 4.31905e-01
8.09000e+03 4.27325e-01
8.11000e+03 4.25615e-01
8.13000e+03 4.24040e-01
8.15000e+03 4.21300e-01
8.17000e+03 4.19056e-01
8.19000e+03 4.13960e-01
8.21000e+03 3.91988e-01
8.23000e+03 3.90370e-01
8.25000e+03 3.88844e-01
8.27000e+03 3.86594e-01
8.29000e+03 3.82830e-01
8.31000e+03 3.77052e-01
8.33000e+03 3.73047e-01
8.35000e+03 3.73729e-01
8.37000e+03 3.69285e-01
8.39000e+03 3.66048e-01
8.41000e+03 3.68556e-01
8.43000e+03 3.67847e-01
8.45000e+03 3.68370e-01
8.47000e+03 3.59183e-01
8.49000e+03 3.69320e-01
8.51000e+03 3.47321e-01
8.53000e+03 3.67483e-01
8.55000e+03 3.23993e-01
8.57000e+03 3.69759e-01
8.59000e+03 3.54941e-01
8.61000e+03 3.49662e-01
8.63000e+03 3.65034e-01
8.65000e+03 3.57437e-01
8.67000e+03 3.13533e-01
8.69000e+03 3.54386e-01
8.71000e+03 3.58290e-01
8.73000e+03 3.53283e-01
8.75000e+03 3.25920e-01
8.77000e+03 3.46644e-01
8.79000e+03 3.50642e-01
8.81000e+03 3.47341e-01
8.83000e+03 3.44846e-01
8.85000e+03 3.35454e-01
8.87000e+03 3.15370e-01
8.89000e+03 3.39186e-01
8.91000e+03 3.39997e-01
8.93000e+03 3.37296e-01
8.95000e+03 3.35257e-01
8.97000e+03 3.33801e-01
8.99000e+03 3.29793e-01
9.01000e+03 3.04161e-01
9.03000e+03 3.16788e-01
9.05000e+03 3.26620e-01
9.07000e+03 3.23950e-01
9.09000e+03 3.19477e-01
9.11000e+03 3.20802e-01
9.13000e+03 3.20202e-01
9.15000e+03 3.18681e-01
9.17000e+03 3.16553e-01
9.19000e+03 3.14910e-01
9.21000e+03 3.07280e-01
9.23000e+03 2.85573e-01
9.25000e+03 3.02631e-01
9.27000e+03 3.06014e-01
9.29000e+03 3.06408e-01
9.31000e+03 3.05690e-01
9.33000e+03 3.04092e-01
9.35000e+03 3.02033e-01
9.37000e+03 2.99143e-01
9.39000e+03 2.99248e-01
9.41000e+03 2.94756e-01
9.43000e+03 2.96118e-01
9.45000e+03 2.93535e-01
9.47000e+03 2.92926e-01
9.49000e+03 2.91524e-01
9.51000e+03 2.88661e-01
9.53000e+03 2.82817e-01
9.55000e+03 2.63613e-01
9.57000e+03 2.80793e-01
9.59000e+03 2.83607e-01
9.61000e+03 2.81350e-01
9.63000e+03 2.80024e-01
9.65000e+03 2.77769e-01
9.67000e+03 2.76465e-01
9.69000e+03 2.76479e-01
9.71000e+03 2.74596e-01
9.73000e+03 2.73153e-01
9.75000e+03 2.71484e-01
9.77000e+03 2.70686e-01
9.79000e+03 2.68156e-01
9.81000e+03 2.68904e-01
9.83000e+03 2.67550e-01
9.85000e+03 2.66304e-01
9.87000e+03 2.64510e-01
9.89000e+03 2.63035e-01
9.91000e+03 2.62006e-01
9.93000e+03 2.60938e-01
9.95000e+03 2.59838e-01
9.97000e+03 2.58606e-01
9.99000e+03 2.57067e-01
1.00250e+04 2.32124e-01
1.00750e+04 2.26227e-01
1.01250e+04 2.29825e-01
1.01750e+04 2.26587e-01
1.02250e+04 2.24602e-01
1.02750e+04 2.22657e-01
1.03250e+04 2.18231e-01
1.03750e+04 2.15887e-01
1.04250e+04 2.14244e-01
1.04750e+04 2.10922e-01
1.05250e+04 2.09348e-01
1.05750e+04 2.06385e-01
1.06250e+04 2.03987e-01
1.06750e+04 1.99993e-01
1.07250e+04 1.98860e-01
1.07750e+04 1.96212e-01
1.08250e+04 1.93135e-01
1.08750e+04 1.91448e-01
1.09250e+04 1.84260e-01
1.09750e+04 1.86268e-01
1.10250e+04 1.86922e-01
1.10750e+04 1.85570e-01
1.11250e+04 1.83461e-01
1.11750e+04 1.81195e-01
1.12250e+04 1.80143e-01
1.12750e+04 1.77183e-01
1.13250e+04 1.75697e-01
1.13750e+04 1.74137e-01
1.14250e+04 1.71927e-01
1.14750e+04 1.72106e-01
1.15250e+04 1.70793e-01
1.15750e+04 1.68583e-01
1.16250e+04 1.66042e-01
1.16750e+04 1.65240e-01
1.17250e+04 1.65386e-01
1.17750e+04 1.62506e-01
1.18250e+04 1.61468e-01
1.18750e+04 1.59031e-01
1.19250e+04 1.60224e-01
1.19750e+04 1.56149e-01
1.20250e+04 1.57124e-01
1.20750e+04 1.55354e-01
1.21250e+04 1.54615e-01
1.21750e+04 1.54215e-01
1.22250e+04 1.52875e-01
1.22750e+04 1.51574e-01
1.23250e+04 1.50625e-01
1.23750e+04 1.49537e-01
1.24250e+04 1.48473e-01
1.24750e+04 1.47630e-01
1.25250e+04 1.46145e-01
1.25750e+04 1.45229e-01
1.26250e+04 1.44158e-01
1.26750e+04 1.42964e-01
1.27250e+04 1.42341e-01
1.27750e+04 1.40976e-01
1.28250e+04 1.34407e-01
1.28750e+04 1.38359e-01
1.29250e+04 1.37293e-01
1.29750e+04 1.37220e-01
1.30250e+04 1.35768e-01
1.30750e+04 1.35195e-01
1.31250e+04 1.33325e-01
1.31750e+04 1.32224e-01
1.32250e+04 1.31675e-01
1.32750e+04 1.29615e-01
1.33250e+04 1.29507e-01
1.33750e+04 1.28167e-01
1.34250e+04 1.27899e-01
1.34750e+04 1.26751e-01
1.35250e+04 1.25752e-01
1.35750e+04 1.23730e-01
1.36250e+04 1.22689e-01
1.36750e+04 1.22019e-01
1.37250e+04 1.21196e-01
1.37750e+04 1.20176e-01
1.38250e+04 1.19337e-01
1.38750e+04 1.17876e-01
1.39250e+04 1.17455e-01
1.39750e+04 1.16660e-01
1.40250e+04 1.14766e-01
1.40750e+04 1.14642e-01
1.41250e+04 1.13079e-01
1.41750e+04 1.12835e-01
1.42250e+04 1.10827e-01
1.42750e+04 1.09360e-01
1.43250e+04 1.09583e-01
1.43750e+04 1.09123e-01
1.44250e+04 1.06211e-01
1.44750e+04 1.07098e-01
1.45250e+04 1.05220e-01
1.45700e+04 1.05024e-01
1.46200e+04 1.04347e-01
1.46750e+04 1.03590e-01
1.47250e+04 1.01723e-01
1.47750e+04 1.01352e-01
1.48250e+04 1.00578e-01
1.48750e+04 9.91860e-02
1.49250e+04 9.96346e-02
1.49750e+04 9.83525e-02
1.50250e+04 9.70483e-02
1.50750e+04 9.59067e-02
1.51250e+04 9.64500e-02
1.51750e+04 9.60238e-02
1.52250e+04 9.57033e-02
1.52750e+04 9.46091e-02
1.53250e+04 9.38027e-02
1.53750e+04 9.42948e-02
1.54250e+04 9.27798e-02
1.54750e+04 9.31814e-02
1.55250e+04 9.20456e-02
1.55750e+04 8.88294e-02
1.56250e+04 9.09213e-02
1.56750e+04 8.93089e-02
1.57250e+04 8.85355e-02
1.57750e+04 8.64663e-02
1.58250e+04 8.71562e-02
1.58750e+04 8.41260e-02
1.59250e+04 8.68798e-02
1.59750e+04 8.55409e-02
1.60500e+04 8.50391e-02
1.61500e+04 8.32131e-02
1.62500e+04 8.29087e-02
1.63500e+04 8.24215e-02
1.64500e+04 7.84481e-02
1.65500e+04 7.99103e-02
1.66500e+04 7.73386e-02
1.67500e+04 7.65934e-02
1.68500e+04 7.36151e-02
1.69500e+04 7.46326e-02
1.70500e+04 7.24059e-02
1.71500e+04 7.17742e-02
1.72500e+04 7.02758e-02
1.73500e+04 6.75654e-02
1.74500e+04 6.78588e-02
1.75500e+04 6.66961e-02
1.76500e+04 6.57075e-02
1.77500e+04 6.43423e-02
1.78500e+04 6.34045e-02
1.79500e+04 6.23704e-02
1.80500e+04 6.09657e-02
1.81500e+04 5.91998e-02
1.82500e+04 5.87658e-02
1.83500e+04 5.78863e-02
1.84500e+04 5.66026e-02
1.85500e+04 5.57318e-02
1.86500e+04 5.43197e-02
1.87500e+04 5.23121e-02
1.88500e+04 5.24937e-02
1.89500e+04 5.07609e-02
1.90500e+04 5.07229e-02
1.91500e+04 4.96454e-02
1.92500e+04 4.87689e-02
1.93500e+04 4.74954e-02
1.94500e+04 4.58320e-02
1.95500e+04 4.58163e-02
1.96500e+04 4.49055e-02
1.97500e+04 4.39197e-02
1.98500e+04 4.31440e-02
1.99500e+04 4.23088e-02
2.00500e+04 4.17498e-02
2.01500e+04 4.10305e-02
2.02500e+04 3.99192e-02
2.03500e+04 3.90662e-02
2.04500e+04 3.86900e-02
2.05500e+04 3.78959e-02
2.06500e+04 3.70475e-02
2.07500e+04 3.64111e-02
2.08500e+04 3.57501e-02
2.09500e+04 3.49458e-02
2.10500e+04 3.45244e-02
2.11500e+04 3.37949e-02
2.12500e+04 3.31770e-02
2.13500e+04 3.26924e-02
2.14500e+04 3.20937e-02
2.15500e+04 3.15025e-02
2.16500e+04 3.04056e-02
2.17500e+04 3.02378e-02
2.18500e+04 2.97874e-02
2.19500e+04 2.93865e-02
2.20500e+04 2.87296e-02
2.21500e+04 2.84609e-02
2.22500e+04 2.78500e-02
2.23500e+04 2.74558e-02
2.24500e+04 2.70601e-02
2.25500e+04 2.66209e-02
2.26500e+04 2.61600e-02
2.27500e+04 2.58560e-02
2.28500e+04 2.53472e-02
2.29500e+04 2.24595e-02
2.30500e+04 2.35030e-02
2.31500e+04 2.32030e-02
2.32500e+04 2.07503e-02
2.33500e+04 2.17868e-02
2.34500e+04 2.15605e-02
2.35500e+04 1.93334e-02
2.36500e+04 2.04883e-02
2.37500e+04 2.02165e-02
2.38500e+04 1.84165e-02
2.39500e+04 1.93206e-02
2.40500e+04 1.93010e-02
2.41500e+04 1.77938e-02
2.42500e+04 1.85032e-02
2.43500e+04 1.84244e-02
2.44500e+04 1.74633e-02
2.45500e+04 1.74596e-02
2.46500e+04 1.78194e-02
2.47500e+04 1.72614e-02
2.48500e+04 1.65956e-02
2.49500e+04 1.68931e-02
2.50500e+04 1.72528e-02
2.51500e+04 1.60412e-02
2.52500e+04 1.63715e-02
2.53500e+04 1.64732e-02
2.54500e+04 1.60964e-02
2.55500e+04 1.58315e-02
2.56500e+04 1.57415e-02
2.57500e+04 1.58483e-02
2.58500e+04 1.51506e-02
2.59500e+04 1.52849e-02
2.60500e+04 1.52802e-02
2.61500e+04 1.48503e-02
2.62500e+04 1.45989e-02
2.63500e+04 1.47670e-02
2.64500e+04 1.46722e-02
2.65500e+04 1.43760e-02
2.66500e+04 1.41131e-02
2.67500e+04 1.41761e-02
2.68500e+04 1.40885e-02
2.69500e+04 1.37687e-02
2.70500e+04 1.37717e-02
2.71500e+04 1.36206e-02
2.72500e+04 1.35420e-02
2.73500e+04 1.32263e-02
2.74500e+04 1.32052e-02
2.75500e+04 1.30149e-02
2.76500e+04 1.28934e-02
2.77500e+04 1.27204e-02
2.78500e+04 1.26575e-02
2.79500e+04 1.25819e-02
2.80500e+04 1.24214e-02
2.81500e+04 1.22285e-02
2.82500e+04 1.21233e-02
2.83500e+04 1.20262e-02
2.84500e+04 1.18682e-02
2.85500e+04 1.17214e-02
2.86500e+04 1.15696e-02
2.87500e+04 1.13383e-02
2.88500e+04 1.13237e-02
2.89500e+04 1.11985e-02
2.90500e+04 1.10638e-02
2.91500e+04 1.09510e-02
2.92500e+04 1.07782e-02
2.93500e+04 1.07130e-02
2.94500e+04 1.05484e-02
2.95500e+04 1.04352e-02
2.96500e+04 1.03364e-02
2.97500e+04 1.02125e-02
2.98500e+04 1.00846e-02
2.99500e+04 9.96027e-03
3.00500e+04 9.83893e-03
3.01500e+04 9.73581e-03
3.02500e+04 9.60416e-03
3.03500e+04 9.37794e-03
3.04500e+04 9.35041e-03
3.05500e+04 9.25697e-03
3.06500e+04 9.14587e-03
3.07500e+04 9.05436e-03
3.08500e+04 8.92563e-03
3.09500e+04 8.81800e-03
3.10500e+04 8.73282e-03
3.11500e+04 8.58645e-03
3.12500e+04 8.51716e-03
3.13500e+04 8.42090e-03
3.14500e+04 8.31993e-03
3.15500e+04 8.20320e-03
3.16500e+04 8.11452e-03
3.17500e+04 8.02477e-03
3.18500e+04 7.92952e-03
3.19500e+04 7.84349e-03
3.21000e+04 7.69687e-03
3.23000e+04 7.51653e-03
3.25000e+04 7.34127e-03
3.27000e+04 7.16678e-03
3.29000e+04 6.94785e-03
3.31000e+04 6.82940e-03
3.33000e+04 6.67163e-03
3.35000e+04 6.53511e-03
3.37000e+04 6.37985e-03
3.39000e+04 6.22605e-03
3.41000e+04 6.08502e-03
3.43000e+04 5.96704e-03
3.45000e+04 5.83921e-03
3.47000e+04 5.70815e-03
3.49000e+04 5.58425e-03
3.51000e+04 5.46715e-03
3.53000e+04 5.34085e-03
3.55000e+04 5.23360e-03
3.57000e+04 5.11725e-03
3.59000e+04 5.01677e-03
3.61000e+04 4.90976e-03
3.63000e+04 4.81832e-03
3.65000e+04 4.69671e-03
3.67000e+04 4.61012e-03
3.69000e+04 4.49003e-03
3.71000e+04 4.40824e-03
3.73000e+04 4.32224e-03
3.75000e+04 4.19485e-03
3.77000e+04 4.15988e-03
3.79000e+04 4.07734e-03
3.81000e+04 3.99056e-03
3.83000e+04 3.92158e-03
3.85000e+04 3.85287e-03
3.87000e+04 3.77037e-03
3.89000e+04 3.69845e-03
3.91000e+04 3.61657e-03
3.93000e+04 3.56217e-03
3.95000e+04 3.48566e-03
3.97000e+04 3.42481e-03
3.99000e+04 3.34455e-03
4.01000e+04 3.28529e-03
4.03000e+04 3.22512e-03
4.05000e+04 3.15065e-03
4.07000e+04 3.11329e-03
4.09000e+04 3.05758e-03
4.11000e+04 3.00457e-03
4.13000e+04 2.95126e-03
4.15000e+04 2.89273e-03
4.17000e+04 2.82720e-03
4.19000e+04 2.78635e-03
4.21000e+04 2.73169e-03
4.23000e+04 2.69424e-03
4.25000e+04 2.63925e-03
4.27000e+04 2.59786e-03
4.29000e+04 2.44118e-03
4.31000e+04 2.31512e-03
4.33000e+04 2.34177e-03
4.35000e+04 2.20027e-03
4.37000e+04 2.13817e-03
4.39000e+04 2.09795e-03
4.41000e+04 1.96378e-03
4.43000e+04 1.95985e-03
4.45000e+04 1.90705e-03
4.47000e+04 1.80637e-03
4.49000e+04 1.83867e-03
4.51000e+04 1.77810e-03
4.53000e+04 1.70264e-03
4.55000e+04 1.71442e-03
4.57000e+04 1.68876e-03
4.59000e+04 1.60269e-03
4.61000e+04 1.63315e-03
4.63000e+04 1.58810e-03
4.65000e+04 1.56150e-03
4.67000e+04 1.54923e-03
4.69000e+04 1.52843e-03
4.71000e+04 1.49253e-03
4.73000e+04 1.50552e-03
4.75000e+04 1.47069e-03
4.77000e+04 1.45131e-03
4.79000e+04 1.42774e-03
4.81000e+04 1.39305e-03
4.83000e+04 1.40896e-03
4.85000e+04 1.37723e-03
4.87000e+04 1.34679e-03
4.89000e+04 1.33773e-03
4.91000e+04 1.31103e-03
4.93000e+04 1.29510e-03
4.95000e+04 1.27359e-03
4.97000e+04 1.26796e-03
4.99000e+04 1.24424e-03
5.01000e+04 1.23694e-03
5.03000e+04 1.21923e-03
5.05000e+04 1.18762e-03
5.07000e+04 1.17701e-03
5.09000e+04 1.16511e-03
5.11000e+04 1.14160e-03
5.13000e+04 1.12402e-03
5.15000e+04 1.11199e-03
5.17000e+04 1.11434e-03
5.19000e+04 1.08904e-03
5.21000e+04 1.07300e-03
5.23000e+04 1.05835e-03
5.25000e+04 1.05168e-03
5.27000e+04 1.05270e-03
5.29000e+04 1.01909e-03
5.31000e+04 1.00374e-03
5.33000e+04 9.98901e-04
5.35000e+04 9.86034e-04
5.37000e+04 9.74746e-04
5.39000e+04 9.64585e-04
5.41000e+04 9.52878e-04
5.43000e+04 9.34373e-04
5.45000e+04 9.32382e-04
5.47000e+04 9.14057e-04
5.49000e+04 9.06567e-04
5.51000e+04 8.90648e-04
5.53000e+04 8.98668e-04
5.55000e+04 8.69931e-04
5.57000e+04 8.71820e-04
5.59000e+04 8.54334e-04
5.61000e+04 8.50830e-04
5.63000e+04 8.31771e-04
5.65000e+04 8.30308e-04
5.67000e+04 8.18572e-04
5.69000e+04 8.01745e-04
5.71000e+04 8.00808e-04
5.73000e+04 7.91339e-04
5.75000e+04 7.81370e-04
5.77000e+04 7.70429e-04
5.79000e+04 7.66181e-04
5.81000e+04 7.53984e-04
5.83000e+04 7.45775e-04
5.85000e+04 7.37551e-04
5.87000e+04 7.25002e-04
5.89000e+04 7.17997e-04
5.91000e+04 7.06520e-04
5.93000e+04 7.03314e-04
5.95000e+04 6.92731e-04
5.97000e+04 6.88039e-04
5.99000e+04 6.79814e-04
6.01000e+04 6.72256e-04
6.03000e+04 6.64040e-04
6.05000e+04 6.53368e-04
6.07000e+04 6.46711e-04
6.09000e+04 6.38674e-04
6.11000e+04 6.30135e-04
6.13000e+04 6.24493e-04
6.15000e+04 6.18094e-04
6.17000e+04 6.13273e-04
6.19000e+04 6.05311e-04
6.21000e+04 5.99608e-04
6.23000e+04 5.90699e-04
6.25000e+04 5.82042e-04
6.27000e+04 5.75896e-04
6.29000e+04 5.69439e-04
6.31000e+04 5.62761e-04
6.33000e+04 5.58341e-04
6.35000e+04 5.50734e-04
6.37000e+04 5.46870e-04
6.39000e+04 5.37449e-04
6.42000e+04 5.29791e-04
6.46000e+04 5.17009e-04
6.50000e+04 5.05782e-04
6.54000e+04 4.94040e-04
6.58000e+04 4.83833e-04
6.62000e+04 4.72380e-04
6.66000e+04 4.61995e-04
6.70000e+04 4.52134e-04
6.74000e+04 4.41579e-04
6.78000e+04 4.31915e-04
6.82000e+04 4.22367e-04
6.86000e+04 4.13482e-04
6.90000e+04 4.03986e-04
6.94000e+04 3.95288e-04
6.98000e+04 3.86726e-04
7.02000e+04 3.78199e-04
7.06000e+04 3.70311e-04
7.10000e+04 3.62231e-04
7.14000e+04 3.54618e-04
7.18000e+04 3.46924e-04
7.22000e+04 3.39626e-04
7.26000e+04 3.32375e-04
7.30000e+04 3.25436e-04
7.34000e+04 3.18534e-04
7.38000e+04 3.11969e-04
7.42000e+04 3.05260e-04
7.46000e+04 2.97807e-04
7.50000e+04 2.91820e-04
7.54000e+04 2.86750e-04
7.58000e+04 2.81063e-04
7.62000e+04 2.75348e-04
7.66000e+04 2.69792e-04
7.70000e+04 2.64306e-04
7.74000e+04 2.59043e-04
7.78000e+04 2.53902e-04
7.82000e+04 2.48853e-04
7.86000e+04 2.43934e-04
7.90000e+04 2.39131e-04
7.94000e+04 2.34442e-04
7.98000e+04 2.29892e-04
8.02000e+04 2.25362e-04
8.06000e+04 2.21003e-04
8.10000e+04 2.16809e-04
8.14000e+04 2.12586e-04
8.18000e+04 2.08592e-04
8.22000e+04 2.04671e-04
8.26000e+04 2.00803e-04
8.30000e+04 1.97040e-04
8.34000e+04 1.93281e-04
8.38000e+04 1.89713e-04
8.42000e+04 1.86252e-04
8.46000e+04 1.82813e-04
8.50000e+04 1.79449e-04
8.54000e+04 1.76165e-04
8.58000e+04 1.72953e-04
8.62000e+04 1.69845e-04
8.66000e+04 1.66791e-04
8.70000e+04 1.63815e-04
8.74000e+04 1.60885e-04
8.78000e+04 1.58011e-04
8.82000e+04 1.55182e-04
8.86000e+04 1.52456e-04
8.90000e+04 1.49752e-04
8.94000e+04 1.47187e-04
8.98000e+04 1.44577e-04
9.02000e+04 1.42108e-04
9.06000e+04 1.39680e-04
9.10000e+04 1.37199e-04
9.14000e+04 1.34903e-04
9.18000e+04 1.32636e-04
9.22000e+04 1.30392e-04
9.26000e+04 1.28197e-04
9.30000e+04 1.26040e-04
9.34000e+04 1.23925e-04
9.38000e+04 1.21863e-04
9.42000e+04 1.19841e-04
9.46000e+04 1.17849e-04
9.50000e+04 1.15911e-04
9.54000e+04 1.14005e-04
9.58000e+04 1.12161e-04
9.62000e+04 1.10319e-04
9.66000e+04 1.08548e-04
9.70000e+04 1.06802e-04
9.74000e+04 1.05012e-04
9.78000e+04 1.03381e-04
9.82000e+04 1.01732e-04
9.86000e+04 1.00135e-04
9.90000e+04 9.85597e-05
9.94000e+04 9.69782e-05
9.98000e+04 9.54706e-05
1.00200e+05 9.39690e-05
2.00000e+05 6.08123e-06
4.00000e+05 3.81489e-07
6.00000e+05 7.49235e-08
8.00000e+05 2.35398e-08
1.00000e+06 9.57458e-09
1.20000e+06 4.58786e-09
1.40000e+06 2.46124e-09
1.60000e+06 1.43473e-09
