# Wed Oct 20 10:59:13 2010 by SW
# lambda [micron]  fnu [arbitrary units]
3.599999899999999919e-01 5.117375536780441442e-06
4.499999900000000164e-01 6.890985448873675850e-06
5.799999900000000208e-01 8.317576371643677001e-06
7.499999800000000105e-01 1.258374949720925672e-05
9.999999699999999603e-01 1.823193657678770803e-05
1.280000000000000027e+00 2.093315938461538363e-05
1.649999999999999911e+00 2.041346613712374534e-05
2.119999899999999826e+00 1.724569293903223957e-05
2.468999900000000025e+00 1.315896931285180618e-05
2.509999899999999950e+00 1.324849385678692244e-05
2.549999899999999986e+00 1.315894187526739209e-05
2.590999899999999911e+00 1.441226363271989950e-05
2.630999899999999947e+00 1.423330117005230721e-05
2.670999899999999982e+00 1.512873728208772723e-05
2.711999899999999908e+00 1.494949400930006772e-05
2.751999899999999943e+00 1.298019501729912954e-05
2.791999899999999979e+00 1.360668171733692361e-05
2.831999900000000014e+00 1.324872349739521784e-05
2.871999900000000050e+00 1.324857684170859456e-05
2.911999900000000085e+00 1.280077173432608785e-05
2.951999900000000121e+00 1.226380220663311135e-05
2.991999900000000157e+00 1.315910575417023440e-05
3.030999899999999858e+00 1.298012022058394505e-05
3.070999899999999894e+00 1.351700914112080251e-05
3.109999900000000039e+00 1.342756290603819515e-05
3.149999900000000075e+00 1.271145797438806178e-05
3.188999900000000221e+00 1.065239640047940575e-05
3.227999899999999922e+00 1.360699769485765963e-05
3.266999900000000068e+00 1.656097646264826129e-05
3.305999900000000213e+00 1.781409077152665705e-05
3.344999899999999915e+00 1.306955787851153936e-05
3.383999900000000061e+00 1.306974666126979794e-05
3.422999900000000206e+00 1.306940171083080319e-05
3.461999899999999908e+00 1.208525577399384463e-05
3.499999900000000164e+00 1.396473973478668760e-05
3.538999899999999865e+00 1.235325435595611943e-05
3.577999900000000011e+00 1.074199970091353519e-05
3.615999899999999823e+00 1.127906824834641546e-05
3.653999900000000078e+00 9.488757534164769092e-06
3.692999899999999780e+00 8.683045961500323608e-06
3.730999900000000036e+00 1.011556292148665838e-05
3.768999899999999847e+00 1.199529483989852469e-05
3.806999900000000103e+00 1.226387380688998649e-05
3.844999899999999915e+00 1.020528505632208633e-05
3.881999899999999837e+00 9.757449982963266408e-06
3.919999900000000093e+00 1.092111198628314066e-05
3.957999899999999904e+00 1.244287071479119079e-05
3.994999899999999826e+00 1.441270769441528357e-05
4.032999900000000082e+00 1.584444400947120459e-05
4.069999900000000004e+00 1.163727244484115448e-05
4.107999900000000260e+00 9.936266525080505045e-06
4.144999900000000181e+00 1.083161780757863498e-05
4.181999900000000103e+00 1.029467949697739220e-05
4.218999900000000025e+00 1.029443044894146651e-05
4.255999899999999947e+00 1.101068695038723443e-05
4.292999899999999869e+00 1.118988658416180599e-05
4.329999899999999791e+00 1.011534491555313701e-05
4.365999900000000267e+00 1.002583437431216486e-05
4.402999900000000189e+00 1.047353970570578354e-05
4.439999900000000110e+00 1.002590942502734455e-05
4.475999899999999698e+00 7.340521124698303527e-06
4.511999900000000174e+00 6.355678057934324250e-06
4.548999900000000096e+00 8.056617639715294132e-06
4.584999899999999684e+00 9.667899660210911461e-06
4.620999900000000160e+00 8.862265810424929438e-06
4.656999899999999748e+00 8.056511702921839677e-06
4.692999900000000224e+00 8.683350984537491340e-06
4.728999899999999812e+00 6.087319714587842856e-06
4.764999900000000288e+00 1.244318894438116171e-05
4.800999899999999876e+00 1.271160871977846685e-05
4.835999900000000018e+00 8.683345448269725838e-06
4.999999899999999720e+00 8.951973901228076424e-06
5.159999899999999862e+00 9.489569434822708315e-06
5.329999899999999791e+00 1.011691274062403259e-05
5.489999899999999933e+00 1.110240696767002611e-05
5.659999899999999862e+00 1.226832426485050055e-05
5.839999899999999577e+00 1.388307433083799083e-05
5.933999899999999883e+00 2.453783977110273948e-05
6.027999799999999908e+00 3.384995062941772770e-05
6.121999800000000214e+00 5.632148907374208121e-05
6.215999799999999631e+00 8.953726104957043558e-05
6.309999799999999937e+00 8.631974630082259799e-05
6.403999800000000242e+00 5.768091187083812592e-05
6.496999800000000214e+00 4.355135396970742379e-05
6.590999799999999631e+00 4.034299175407658891e-05
6.684999799999999937e+00 4.161234630522040161e-05
6.777999799999999908e+00 4.458105596279739690e-05
6.871999800000000214e+00 5.014642129373538882e-05
6.964999800000000185e+00 5.929443396792863466e-05
7.057999800000000157e+00 6.208496583536949698e-05
7.151999799999999574e+00 6.013569109159725145e-05
7.244999800000000434e+00 6.884988006092061352e-05
7.337999800000000405e+00 8.938456087014401278e-05
7.430999800000000377e+00 1.163772432634426070e-04
7.522999800000000015e+00 1.545581312706491425e-04
7.615999799999999986e+00 1.783247967512145335e-04
7.708999799999999958e+00 1.745383429283508246e-04
7.801999799999999929e+00 1.704915071519514205e-04
7.893999799999999567e+00 1.538218121489707722e-04
7.986999800000000427e+00 1.261608163719495589e-04
8.078999800000000064e+00 1.050341225914624104e-04
8.170999800000000590e+00 9.439826535364575382e-05
8.263999800000000562e+00 9.362139440580722520e-05
8.355999799999999311e+00 9.770014941540306754e-05
8.447999799999999837e+00 1.026083516898884922e-04
8.539999800000000363e+00 1.128014470706544561e-04
8.631999799999999112e+00 1.067009376669121650e-04
8.723999799999999638e+00 8.457392031931450910e-05
8.814999800000000718e+00 6.523116066882576382e-05
8.906999799999999468e+00 5.308798577350093585e-05
8.998999799999999993e+00 4.596116954073451534e-05
9.089999799999999297e+00 5.169406578903818823e-05
9.181999799999999823e+00 4.846744082924427848e-05
9.272999799999999126e+00 5.080390026814139481e-05
9.363999800000000207e+00 4.932671669227993325e-05
9.454999799999999510e+00 4.903817937909169965e-05
9.546999800000000036e+00 5.091757919018434600e-05
9.637999799999999340e+00 5.405497975120434153e-05
9.728999800000000420e+00 4.903306244586869654e-05
9.818999800000000278e+00 4.658692432800923142e-05
9.909999700000000189e+00 4.820703776473498448e-05
1.000099999999999945e+01 5.553007084648828822e-05
1.009200000000000053e+01 5.861949338327759505e-05
1.018200000000000038e+01 5.664869438729097054e-05
1.027299999999999969e+01 5.452078657692307475e-05
1.036299999999999955e+01 6.049985251839464179e-05
1.045299999999999940e+01 6.456270978093645474e-05
1.054400000000000048e+01 7.405497292307692083e-05
1.063400000000000034e+01 7.581680301739130465e-05
1.072400000000000020e+01 7.600210702608696251e-05
1.081400000000000006e+01 7.597157973311036204e-05
1.090399999999999991e+01 8.330338726421404919e-05
1.099399999999999977e+01 1.013221821230769174e-04
1.108399999999999963e+01 1.264961537070234036e-04
1.117300000000000004e+01 1.877701757829431327e-04
1.126299999999999990e+01 2.778631107234113347e-04
1.135200000000000031e+01 2.544797316842809811e-04
1.144200000000000017e+01 2.104915934929765938e-04
1.153100000000000058e+01 1.808538623043478243e-04
1.158000000000000007e+01 1.813616145953177270e-04
1.168999999999999950e+01 1.480046347090300998e-04
1.178999999999999915e+01 1.401956746856187293e-04
1.189000000000000057e+01 1.416441583110367934e-04
1.200000000000000000e+01 1.444009525083612066e-04
1.209999999999999964e+01 1.457706829431438048e-04
1.221000000000000085e+01 1.460832658595317675e-04
1.231000000000000050e+01 1.513585189866220799e-04
1.241000000000000014e+01 1.596175320635451320e-04
1.250999999999999979e+01 1.749855245117056945e-04
1.261999999999999922e+01 1.915897027357859423e-04
1.272000000000000064e+01 2.082341341003344734e-04
1.282000000000000028e+01 2.068372883076923072e-04
1.291999999999999993e+01 1.922752239464883047e-04
1.301999999999999957e+01 1.657203322876253996e-04
1.311999999999999922e+01 1.434824042809364523e-04
1.323000000000000043e+01 1.392260996889632186e-04
1.333000000000000007e+01 1.396480759063545274e-04
1.342999999999999972e+01 1.451165085250835987e-04
1.352999999999999936e+01 1.480739354548494906e-04
1.363000000000000078e+01 1.482097116588628925e-04
1.373000000000000043e+01 1.414292860200669149e-04
1.383000000000000007e+01 1.356497464615384705e-04
1.392999999999999972e+01 1.310400131571906341e-04
1.401999999999999957e+01 1.319947973444816154e-04
1.411999999999999922e+01 1.344595039598662101e-04
1.422000000000000064e+01 1.351849696254180686e-04
1.432000000000000028e+01 1.351611351438127147e-04
1.441999999999999993e+01 1.358445022073578759e-04
1.460999999999999943e+01 1.319334794648829563e-04
1.471000000000000085e+01 1.334066528695652433e-04
1.481000000000000050e+01 1.343655279565217407e-04
1.491000000000000014e+01 1.343415783511705641e-04
1.559999999999999964e+01 1.591715373913043326e-04
1.900000000000000000e+01 2.453456782608695640e-04
1.999999899999999897e+01 2.778553707226153412e-04
2.199999899999999897e+01 3.560339965256658712e-04
2.579999899999999968e+01 5.618863827030625389e-04
2.999999899999999897e+01 8.807285024149575118e-04
3.309999899999999684e+01 1.165297420647481508e-03
4.249999900000000252e+01 2.093657977493311190e-03
5.459999899999999684e+01 3.100854830164307633e-03
7.009999799999999937e+01 4.027678614184615306e-03
8.999999800000000505e+01 4.845820226763264231e-03
1.160000000000000000e+02 5.005169939799330656e-03
1.480000000000000000e+02 4.165839404682273976e-03
1.910000000000000000e+02 2.869023967558528582e-03
2.449999899999999968e+02 1.705590947106448273e-03
3.139999900000000252e+02 8.968554353173228836e-04
4.029999900000000252e+02 4.267503159324010004e-04
5.179999900000000252e+02 1.882931696091438086e-04
6.649999800000000505e+02 7.947132302794515733e-05
8.539999800000000505e+02 3.449774048306027027e-05
1.100000000000000000e+03 1.495923882943143792e-05
1.417074000000000069e+03 7.173537121503010824e-06
1.825546000000000049e+03 4.073405080767826517e-06
2.351757900000000063e+03 2.866958682964655834e-06
3.029650900000000092e+03 2.462189079014518351e-06
3.902946899999999914e+03 2.417872863349836142e-06
5.027969900000000052e+03 2.547308114791424968e-06
6.477279800000000250e+03 2.775450488027726258e-06
8.344353800000000774e+03 3.077893040235819429e-06
1.074960900000000038e+04 3.452148596606478179e-06
1.384818000000000029e+04 3.907198775503544938e-06
1.783991200000000026e+04 4.458589768453163595e-06
2.298225700000000143e+04 5.125892501552962725e-06
2.960688200000000143e+04 5.934682366496702550e-06
3.814105000000000291e+04 6.916676338732107223e-06
4.913519400000000314e+04 8.109563613625446027e-06
6.329838900000000285e+04 9.563072977553028329e-06
8.154412300000000687e+04 1.133176268932583594e-05
1.050491900000000023e+05 1.348644654202010244e-05
1.353295599999999977e+05 1.611749215727504905e-05
1.743382500000000000e+05 1.932847071239548578e-05
2.245911499999999942e+05 2.325398965059013461e-05
