9.10000e+01 3.60555e-03
9.40000e+01 3.52231e-03
9.60000e+01 3.51677e-03
9.80000e+01 3.49201e-03
1.00000e+02 3.46877e-03
1.02000e+02 3.44689e-03
1.04000e+02 3.42619e-03
1.06000e+02 3.40637e-03
1.08000e+02 3.38794e-03
1.10000e+02 3.39722e-03
1.14000e+02 3.33476e-03
1.18000e+02 3.26981e-03
1.21000e+02 3.25014e-03
1.25000e+02 3.17073e-03
1.27000e+02 3.15688e-03
1.28000e+02 3.17429e-03
1.31000e+02 3.10418e-03
1.32000e+02 3.12139e-03
1.34000e+02 3.10009e-03
1.37000e+02 3.05973e-03
1.40000e+02 3.03075e-03
1.43000e+02 3.01190e-03
1.47000e+02 2.97009e-03
1.51000e+02 2.93976e-03
1.55000e+02 2.91249e-03
1.59000e+02 2.88023e-03
1.62000e+02 2.87914e-03
1.66000e+02 2.85252e-03
1.70000e+02 2.82823e-03
1.73000e+02 2.83214e-03
1.77000e+02 2.80557e-03
1.80000e+02 2.79764e-03
1.82000e+02 2.81541e-03
1.86000e+02 2.80088e-03
1.91000e+02 2.77072e-03
1.94000e+02 2.78537e-03
1.98000e+02 2.77260e-03
2.02000e+02 2.76192e-03
2.05000e+02 2.78060e-03
2.10000e+02 2.77383e-03
2.16000e+02 2.75691e-03
2.20000e+02 2.76733e-03
2.23000e+02 2.78484e-03
2.27000e+02 4.00833e-03
2.30000e+02 1.27859e-02
2.34000e+02 1.37014e-02
2.40000e+02 1.33891e-02
2.46000e+02 1.32454e-02
2.52000e+02 1.29822e-02
2.57000e+02 1.23386e-02
2.60000e+02 1.25960e-02
2.64000e+02 1.25907e-02
2.69000e+02 1.23425e-02
2.74000e+02 1.20964e-02
2.79000e+02 1.17941e-02
2.84000e+02 1.16537e-02
2.90000e+02 1.13882e-02
2.96000e+02 1.09012e-02
3.01000e+02 1.00917e-02
3.08000e+02 1.01068e-02
3.18000e+02 1.03246e-02
3.28000e+02 1.01518e-02
3.38000e+02 9.88058e-03
3.48000e+02 9.66365e-03
3.57000e+02 9.62662e-03
3.66000e+02 9.64931e-03
3.75000e+02 9.55588e-03
3.85000e+02 9.36090e-03
3.95000e+02 9.53767e-03
4.05000e+02 9.66510e-03
4.14000e+02 9.66923e-03
4.22000e+02 9.62497e-03
4.30000e+02 9.70912e-03
4.41000e+02 9.83535e-03
4.51000e+02 9.93120e-03
4.60000e+02 9.96770e-03
4.70000e+02 1.00715e-02
4.80000e+02 1.02677e-02
4.90000e+02 1.03753e-02
5.00000e+02 1.06286e-02
5.06000e+02 1.11668e-02
5.12000e+02 1.22117e-02
5.20000e+02 1.25047e-02
5.30000e+02 1.27075e-02
5.40000e+02 1.27733e-02
5.50000e+02 1.31180e-02
5.60000e+02 1.37801e-02
5.70000e+02 1.42587e-02
5.80000e+02 1.46064e-02
5.90000e+02 1.50864e-02
6.00000e+02 1.53969e-02
6.10000e+02 1.57737e-02
6.20000e+02 1.64827e-02
6.30000e+02 1.70186e-02
6.40000e+02 1.76818e-02
6.50000e+02 1.81620e-02
6.58000e+02 1.85710e-02
6.65000e+02 1.93364e-02
6.75000e+02 1.99765e-02
6.85000e+02 2.05188e-02
6.95000e+02 2.14087e-02
7.05000e+02 2.20368e-02
7.16000e+02 2.31420e-02
7.26000e+02 2.41105e-02
7.35000e+02 2.50318e-02
7.45000e+02 2.59012e-02
7.55000e+02 2.68385e-02
7.65000e+02 2.77581e-02
7.75000e+02 2.89854e-02
7.85000e+02 3.00942e-02
7.95000e+02 3.13591e-02
8.05000e+02 3.27643e-02
8.15000e+02 3.41760e-02
8.25000e+02 3.55586e-02
8.35000e+02 3.63464e-02
8.45000e+02 3.83722e-02
8.55000e+02 4.01164e-02
8.65000e+02 4.20623e-02
8.75000e+02 4.40118e-02
8.85000e+02 4.60081e-02
8.95000e+02 4.80525e-02
9.05000e+02 5.31533e-02
9.15000e+02 7.96191e-02
9.25000e+02 1.23384e-01
9.35000e+02 1.68780e-01
9.45000e+02 2.19156e-01
9.55000e+02 2.54732e-01
9.65000e+02 2.75554e-01
9.75000e+02 2.22078e-01
9.85000e+02 2.92091e-01
9.95000e+02 3.08739e-01
1.00500e+03 3.35819e-01
1.01500e+03 3.24666e-01
1.02500e+03 2.67135e-01
1.03500e+03 3.30039e-01
1.04500e+03 3.91591e-01
1.05500e+03 4.08685e-01
1.06500e+03 4.02944e-01
1.07500e+03 4.15876e-01
1.08500e+03 4.08433e-01
1.09500e+03 4.41235e-01
1.10500e+03 4.75662e-01
1.11500e+03 4.98184e-01
1.12500e+03 5.09099e-01
1.13500e+03 5.33014e-01
1.14500e+03 5.33979e-01
1.15500e+03 5.51327e-01
1.16500e+03 5.60819e-01
1.17500e+03 5.33101e-01
1.18500e+03 5.42409e-01
1.19500e+03 5.02575e-01
1.20500e+03 4.84021e-01
1.20872e+03 4.55330e-01
1.20880e+03 4.51597e-01
1.20887e+03 4.51624e-01
1.20894e+03 4.51748e-01
1.20902e+03 4.51981e-01
1.20909e+03 4.52338e-01
1.20916e+03 4.52829e-01
1.20923e+03 4.53470e-01
1.20931e+03 4.54270e-01
1.20938e+03 4.55254e-01
1.20945e+03 4.56436e-01
1.20953e+03 4.57833e-01
1.20960e+03 4.59469e-01
1.20967e+03 4.61365e-01
1.20975e+03 4.63541e-01
1.20982e+03 4.66029e-01
1.20989e+03 4.68852e-01
1.20996e+03 4.72040e-01
1.21004e+03 4.75620e-01
1.21011e+03 4.79632e-01
1.21018e+03 4.84104e-01
1.21026e+03 4.89071e-01
1.21033e+03 4.94578e-01
1.21040e+03 5.00660e-01
1.21047e+03 5.07358e-01
1.21055e+03 5.14719e-01
1.21062e+03 5.22788e-01
1.21069e+03 5.31607e-01
1.21077e+03 5.41234e-01
1.21084e+03 5.51715e-01
1.21091e+03 5.63096e-01
1.21099e+03 5.75439e-01
1.21106e+03 5.88804e-01
1.21113e+03 6.03233e-01
1.21120e+03 6.18779e-01
1.21128e+03 6.35510e-01
1.21135e+03 6.53481e-01
1.21142e+03 6.72739e-01
1.21150e+03 6.93351e-01
1.21157e+03 7.15374e-01
1.21164e+03 7.38847e-01
1.21172e+03 7.63842e-01
1.21179e+03 7.90403e-01
1.21186e+03 8.18567e-01
1.21193e+03 8.48404e-01
1.21201e+03 8.79952e-01
1.21208e+03 9.13237e-01
1.21215e+03 9.48274e-01
1.21223e+03 9.85154e-01
1.21230e+03 1.02384e+00
1.21237e+03 1.06439e+00
1.21244e+03 1.10683e+00
1.21252e+03 1.15112e+00
1.21259e+03 1.19727e+00
1.21266e+03 1.24532e+00
1.21274e+03 1.29522e+00
1.21281e+03 1.34691e+00
1.21288e+03 1.40045e+00
1.21296e+03 1.45576e+00
1.21303e+03 1.51274e+00
1.21310e+03 1.57136e+00
1.21317e+03 1.63157e+00
1.21325e+03 1.69327e+00
1.21332e+03 1.75637e+00
1.21339e+03 1.82078e+00
1.21347e+03 1.88639e+00
1.21354e+03 1.95306e+00
1.21361e+03 2.02070e+00
1.21369e+03 2.08916e+00
1.21376e+03 2.15827e+00
1.21383e+03 2.22784e+00
1.21390e+03 2.29777e+00
1.21398e+03 2.36785e+00
1.21405e+03 2.43790e+00
1.21412e+03 2.50776e+00
1.21420e+03 2.57723e+00
1.21427e+03 2.64606e+00
1.21434e+03 2.71412e+00
1.21441e+03 2.78117e+00
1.21449e+03 2.84698e+00
1.21456e+03 2.91139e+00
1.21463e+03 2.97421e+00
1.21471e+03 3.03513e+00
1.21478e+03 3.09400e+00
1.21485e+03 3.15066e+00
1.21493e+03 3.20511e+00
1.21500e+03 3.25711e+00
1.21507e+03 3.30704e+00
1.21514e+03 3.35423e+00
1.21522e+03 3.39846e+00
1.21529e+03 3.43938e+00
1.21536e+03 3.47683e+00
1.21544e+03 3.51064e+00
1.21551e+03 3.54074e+00
1.21558e+03 3.56700e+00
1.21566e+03 3.58929e+00
1.21573e+03 3.60755e+00
1.21580e+03 3.62172e+00
1.21587e+03 3.63175e+00
1.21595e+03 3.63757e+00
1.21602e+03 3.63922e+00
1.21609e+03 3.63666e+00
1.21617e+03 3.62989e+00
1.21624e+03 3.61897e+00
1.21631e+03 3.60394e+00
1.21638e+03 3.58488e+00
1.21646e+03 3.56180e+00
1.21653e+03 3.53486e+00
1.21660e+03 3.50415e+00
1.21668e+03 3.46977e+00
1.21675e+03 3.43185e+00
1.21682e+03 3.39056e+00
1.21690e+03 3.34605e+00
1.21697e+03 3.29848e+00
1.21704e+03 3.24803e+00
1.21711e+03 3.19488e+00
1.21719e+03 3.13919e+00
1.21726e+03 3.08122e+00
1.21733e+03 3.02113e+00
1.21741e+03 2.95911e+00
1.21748e+03 2.89535e+00
1.21755e+03 2.83014e+00
1.21763e+03 2.76366e+00
1.21770e+03 2.69608e+00
1.21777e+03 2.62763e+00
1.21784e+03 2.55854e+00
1.21792e+03 2.48893e+00
1.21799e+03 2.41909e+00
1.21806e+03 2.34916e+00
1.21814e+03 2.27931e+00
1.21821e+03 2.20973e+00
1.21828e+03 2.14063e+00
1.21835e+03 2.07210e+00
1.21843e+03 2.00430e+00
1.21850e+03 1.93743e+00
1.21857e+03 1.87162e+00
1.21865e+03 1.80692e+00
1.21872e+03 1.74351e+00
1.21879e+03 1.68149e+00
1.21887e+03 1.62092e+00
1.21894e+03 1.56189e+00
1.21901e+03 1.50451e+00
1.21908e+03 1.44880e+00
1.21916e+03 1.39478e+00
1.21923e+03 1.34260e+00
1.21930e+03 1.29225e+00
1.21938e+03 1.24371e+00
1.21945e+03 1.19705e+00
1.21952e+03 1.15228e+00
1.21960e+03 1.10937e+00
1.21967e+03 1.06831e+00
1.21974e+03 1.02916e+00
1.21981e+03 9.91819e-01
1.21989e+03 9.56280e-01
1.21996e+03 9.22560e-01
1.22003e+03 8.90578e-01
1.22011e+03 8.60294e-01
1.22018e+03 8.31706e-01
1.22025e+03 8.04756e-01
1.22032e+03 7.79377e-01
1.22040e+03 7.55523e-01
1.22047e+03 7.33163e-01
1.22054e+03 7.12218e-01
1.22062e+03 6.92637e-01
1.22069e+03 6.74380e-01
1.22076e+03 6.57372e-01
1.22084e+03 6.41562e-01
1.22091e+03 6.26903e-01
1.22098e+03 6.13325e-01
1.22105e+03 6.00774e-01
1.22113e+03 5.89200e-01
1.22120e+03 5.78559e-01
1.22127e+03 5.68783e-01
1.22135e+03 5.59825e-01
1.22142e+03 5.51642e-01
1.22149e+03 5.44179e-01
1.22157e+03 5.37390e-01
1.22164e+03 5.31237e-01
1.22171e+03 5.25671e-01
1.22178e+03 5.20656e-01
1.22186e+03 5.16148e-01
1.22193e+03 5.12116e-01
1.22200e+03 5.08519e-01
1.22208e+03 5.05328e-01
1.22215e+03 5.02514e-01
1.22222e+03 5.00043e-01
1.22229e+03 4.97891e-01
1.22237e+03 4.96028e-01
1.22244e+03 4.94433e-01
1.22251e+03 4.93083e-01
1.22259e+03 4.91952e-01
1.22266e+03 4.91028e-01
1.22273e+03 4.90291e-01
1.22281e+03 4.89719e-01
1.22288e+03 4.89301e-01
1.22295e+03 4.89025e-01
1.22302e+03 4.88872e-01
1.22310e+03 4.88831e-01
1.22317e+03 4.88895e-01
1.22324e+03 4.94745e-01
1.22500e+03 5.28204e-01
1.23500e+03 5.85359e-01
1.24500e+03 6.49038e-01
1.25500e+03 6.76614e-01
1.26500e+03 6.67882e-01
1.27500e+03 7.76530e-01
1.28500e+03 8.41037e-01
1.29500e+03 8.25569e-01
1.30500e+03 7.99116e-01
1.31500e+03 8.86558e-01
1.32500e+03 9.19072e-01
1.33500e+03 9.09305e-01
1.34500e+03 9.83146e-01
1.35500e+03 9.86053e-01
1.36500e+03 9.66552e-01
1.37500e+03 1.00786e+00
1.38500e+03 1.02626e+00
1.39500e+03 1.03053e+00
1.40500e+03 1.03558e+00
1.41500e+03 1.04842e+00
1.42500e+03 1.07883e+00
1.43500e+03 1.07440e+00
1.44200e+03 1.11592e+00
1.44700e+03 1.16158e+00
1.45500e+03 1.15673e+00
1.46500e+03 1.12788e+00
1.47500e+03 1.12467e+00
1.48500e+03 1.16083e+00
1.49500e+03 1.19593e+00
1.50500e+03 1.20123e+00
1.51200e+03 1.16981e+00
1.51700e+03 1.19149e+00
1.52500e+03 1.15448e+00
1.53500e+03 1.12709e+00
1.54500e+03 1.19463e+00
1.55500e+03 1.16913e+00
1.56500e+03 1.15860e+00
1.57500e+03 1.20411e+00
1.58500e+03 1.24860e+00
1.59500e+03 1.27783e+00
1.60500e+03 1.25176e+00
1.61500e+03 1.23320e+00
1.62500e+03 1.19495e+00
1.63500e+03 1.21088e+00
1.64500e+03 1.21479e+00
1.65500e+03 1.17520e+00
1.66500e+03 1.21362e+00
1.67200e+03 1.13250e+00
1.67700e+03 1.24548e+00
1.68500e+03 1.28724e+00
1.69500e+03 1.24423e+00
1.70500e+03 1.21611e+00
1.71500e+03 1.20732e+00
1.72500e+03 1.20718e+00
1.73500e+03 1.23372e+00
1.74500e+03 1.23374e+00
1.75500e+03 1.26010e+00
1.76500e+03 1.20093e+00
1.77500e+03 1.23049e+00
1.78500e+03 1.23860e+00
1.79500e+03 1.27980e+00
1.80500e+03 1.25995e+00
1.81500e+03 1.24215e+00
1.82500e+03 1.21889e+00
1.83500e+03 1.18677e+00
1.84500e+03 1.14725e+00
1.85500e+03 1.16136e+00
1.86500e+03 1.17576e+00
1.87500e+03 1.18591e+00
1.88500e+03 1.17479e+00
1.89500e+03 1.17020e+00
1.90500e+03 1.15659e+00
1.91500e+03 1.16206e+00
1.92500e+03 1.15388e+00
1.93500e+03 1.13319e+00
1.94500e+03 1.16417e+00
1.95500e+03 1.16233e+00
1.96700e+03 1.18013e+00
1.97600e+03 1.17681e+00
1.98400e+03 1.15634e+00
1.99500e+03 1.13376e+00
2.00500e+03 1.11999e+00
2.01500e+03 1.10247e+00
2.02500e+03 1.09710e+00
2.03500e+03 1.10607e+00
2.04500e+03 1.11060e+00
2.05500e+03 1.03578e+00
2.06500e+03 1.04327e+00
2.07400e+03 1.10751e+00
2.07800e+03 1.13465e+00
2.08500e+03 1.12761e+00
2.09500e+03 1.10483e+00
2.10500e+03 1.08354e+00
2.11500e+03 1.08362e+00
2.12500e+03 1.07982e+00
2.13500e+03 1.03339e+00
2.14500e+03 1.05816e+00
2.15500e+03 1.06462e+00
2.16500e+03 1.03902e+00
2.17500e+03 1.03201e+00
2.18500e+03 1.03528e+00
2.19500e+03 1.05507e+00
2.20500e+03 1.03538e+00
2.21500e+03 9.98326e-01
2.22500e+03 9.94162e-01
2.23500e+03 1.02429e+00
2.24500e+03 9.95874e-01
2.25500e+03 9.72064e-01
2.26500e+03 9.77707e-01
2.27500e+03 9.95963e-01
2.28500e+03 1.00760e+00
2.29500e+03 9.84796e-01
2.30500e+03 9.76090e-01
2.31500e+03 9.54117e-01
2.32500e+03 8.87924e-01
2.33500e+03 9.14521e-01
2.34500e+03 9.04007e-01
2.35500e+03 9.39099e-01
2.36500e+03 9.05534e-01
2.37500e+03 9.10854e-01
2.38500e+03 8.72996e-01
2.39500e+03 8.95237e-01
2.40500e+03 8.90907e-01
2.41500e+03 9.02253e-01
2.42500e+03 9.32090e-01
2.43500e+03 9.28974e-01
2.44500e+03 9.46309e-01
2.45500e+03 9.42185e-01
2.46500e+03 9.37750e-01
2.47500e+03 9.23593e-01
2.48500e+03 9.26339e-01
2.49500e+03 9.19103e-01
2.50500e+03 9.50160e-01
2.51300e+03 8.99842e-01
2.51800e+03 8.98305e-01
2.52500e+03 8.86314e-01
2.53500e+03 8.86801e-01
2.54500e+03 8.92664e-01
2.55500e+03 9.18253e-01
2.56500e+03 9.17945e-01
2.57500e+03 9.38198e-01
2.58500e+03 9.37840e-01
2.59500e+03 9.26605e-01
2.60500e+03 9.10724e-01
2.61500e+03 9.05245e-01
2.62500e+03 9.32349e-01
2.63500e+03 9.52555e-01
2.64500e+03 9.96476e-01
2.65500e+03 1.00205e+00
2.66500e+03 9.64760e-01
2.67500e+03 9.75294e-01
2.68500e+03 9.74483e-01
2.69500e+03 9.54412e-01
2.70500e+03 9.60018e-01
2.71500e+03 9.38125e-01
2.72500e+03 9.35594e-01
2.73500e+03 9.41831e-01
2.74500e+03 8.92232e-01
2.75500e+03 8.95115e-01
2.76500e+03 9.12153e-01
2.77500e+03 9.28565e-01
2.78500e+03 8.86823e-01
2.79500e+03 7.91627e-01
2.80500e+03 8.14430e-01
2.81500e+03 9.15103e-01
2.82500e+03 9.49129e-01
2.83500e+03 9.38384e-01
2.84500e+03 9.19200e-01
2.85500e+03 9.04648e-01
2.86500e+03 9.33086e-01
2.87500e+03 9.34599e-01
2.88500e+03 9.32655e-01
2.89500e+03 9.32783e-01
2.91000e+03 9.62056e-01
2.93000e+03 9.44961e-01
2.95000e+03 9.33651e-01
2.97000e+03 9.35704e-01
2.99000e+03 9.36126e-01
3.01000e+03 9.37076e-01
3.03000e+03 9.31338e-01
3.05000e+03 9.27330e-01
3.07000e+03 9.26029e-01
3.09000e+03 9.25843e-01
3.11000e+03 9.18919e-01
3.13000e+03 9.11573e-01
3.15000e+03 9.11381e-01
3.17000e+03 9.06403e-01
3.19000e+03 8.86500e-01
3.21000e+03 8.88674e-01
3.23000e+03 8.79538e-01
3.25000e+03 8.94572e-01
3.27000e+03 9.05917e-01
3.29000e+03 9.05002e-01
3.31000e+03 9.03076e-01
3.33000e+03 8.97200e-01
3.35000e+03 8.88223e-01
3.37000e+03 8.75129e-01
3.39000e+03 8.75784e-01
3.41000e+03 8.78791e-01
3.43000e+03 8.79407e-01
3.45000e+03 8.79912e-01
3.47000e+03 8.79900e-01
3.49000e+03 8.85062e-01
3.51000e+03 8.90567e-01
3.53000e+03 8.85569e-01
3.55000e+03 8.90147e-01
3.57000e+03 8.67264e-01
3.59000e+03 8.63537e-01
3.61000e+03 8.74196e-01
3.63000e+03 8.77168e-01
3.64000e+03 8.80384e-01
3.65000e+03 9.01488e-01
3.67000e+03 8.90654e-01
3.69000e+03 8.67483e-01
3.70466e+03 8.81630e-01
3.70488e+03 8.91107e-01
3.70511e+03 8.91571e-01
3.70533e+03 8.92036e-01
3.70555e+03 8.92500e-01
3.70578e+03 8.92965e-01
3.70600e+03 8.93430e-01
3.70622e+03 8.93894e-01
3.70645e+03 8.94357e-01
3.70667e+03 8.94822e-01
3.70689e+03 8.95286e-01
3.70712e+03 8.95749e-01
3.70734e+03 8.96212e-01
3.70756e+03 8.96678e-01
3.70779e+03 8.97141e-01
3.70801e+03 8.97604e-01
3.70824e+03 8.98068e-01
3.70846e+03 8.98533e-01
3.70868e+03 8.98997e-01
3.70891e+03 8.99462e-01
3.70913e+03 8.99927e-01
3.70935e+03 9.00393e-01
3.70958e+03 9.00858e-01
3.70980e+03 9.01311e-01
3.71000e+03 9.01632e-01
3.71002e+03 9.01691e-01
3.71025e+03 9.01498e-01
3.71047e+03 9.01279e-01
3.71070e+03 9.01064e-01
3.71092e+03 9.00854e-01
3.71114e+03 9.00650e-01
3.71137e+03 9.00453e-01
3.71159e+03 9.00267e-01
3.71181e+03 9.00092e-01
3.71204e+03 8.99933e-01
3.71226e+03 8.99796e-01
3.71248e+03 8.99680e-01
3.71271e+03 8.99597e-01
3.71293e+03 8.99554e-01
3.71316e+03 8.99555e-01
3.71338e+03 8.99617e-01
3.71360e+03 8.99748e-01
3.71383e+03 8.99968e-01
3.71405e+03 9.00293e-01
3.71427e+03 9.00744e-01
3.71450e+03 9.01355e-01
3.71472e+03 9.02149e-01
3.71494e+03 9.03167e-01
3.71517e+03 9.04449e-01
3.71539e+03 9.06045e-01
3.71562e+03 9.08014e-01
3.71584e+03 9.10417e-01
3.71606e+03 9.13329e-01
3.71629e+03 9.16837e-01
3.71651e+03 9.21033e-01
3.71673e+03 9.26026e-01
3.71696e+03 9.31932e-01
3.71718e+03 9.38881e-01
3.71740e+03 9.47020e-01
3.71763e+03 9.56505e-01
3.71785e+03 9.67508e-01
3.71808e+03 9.80212e-01
3.71830e+03 9.94813e-01
3.71852e+03 1.01152e+00
3.71875e+03 1.03055e+00
3.71897e+03 1.05217e+00
3.71919e+03 1.07654e+00
3.71942e+03 1.10395e+00
3.71964e+03 1.13463e+00
3.71986e+03 1.16883e+00
3.72009e+03 1.20675e+00
3.72031e+03 1.24863e+00
3.72053e+03 1.29471e+00
3.72076e+03 1.34514e+00
3.72098e+03 1.40010e+00
3.72121e+03 1.45972e+00
3.72143e+03 1.52407e+00
3.72165e+03 1.59322e+00
3.72188e+03 1.66715e+00
3.72210e+03 1.74582e+00
3.72232e+03 1.82910e+00
3.72255e+03 1.91684e+00
3.72277e+03 2.00874e+00
3.72299e+03 2.10453e+00
3.72322e+03 2.20383e+00
3.72344e+03 2.30617e+00
3.72367e+03 2.41100e+00
3.72389e+03 2.51775e+00
3.72411e+03 2.62575e+00
3.72434e+03 2.73427e+00
3.72456e+03 2.84253e+00
3.72478e+03 2.94971e+00
3.72501e+03 3.05500e+00
3.72523e+03 3.15755e+00
3.72545e+03 3.25642e+00
3.72568e+03 3.35075e+00
3.72590e+03 3.43964e+00
3.72613e+03 3.52226e+00
3.72635e+03 3.59780e+00
3.72657e+03 3.66549e+00
3.72680e+03 3.72467e+00
3.72702e+03 3.77469e+00
3.72724e+03 3.81505e+00
3.72747e+03 3.84531e+00
3.72769e+03 3.86515e+00
3.72791e+03 3.87436e+00
3.72814e+03 3.87283e+00
3.72836e+03 3.86057e+00
3.72859e+03 3.83772e+00
3.72881e+03 3.80450e+00
3.72903e+03 3.76130e+00
3.72926e+03 3.70856e+00
3.72948e+03 3.64686e+00
3.72970e+03 3.57675e+00
3.72993e+03 3.51285e+00
3.73000e+03 3.46492e+00
3.73015e+03 3.40828e+00
3.73037e+03 3.32593e+00
3.73060e+03 3.23138e+00
3.73082e+03 3.13250e+00
3.73105e+03 3.03016e+00
3.73127e+03 2.92524e+00
3.73149e+03 2.81863e+00
3.73172e+03 2.71119e+00
3.73194e+03 2.60368e+00
3.73216e+03 2.49688e+00
3.73239e+03 2.39149e+00
3.73261e+03 2.28817e+00
3.73283e+03 2.18749e+00
3.73306e+03 2.08996e+00
3.73328e+03 1.99602e+00
3.73351e+03 1.90608e+00
3.73373e+03 1.82043e+00
3.73395e+03 1.73922e+00
3.73418e+03 1.66264e+00
3.73440e+03 1.59083e+00
3.73462e+03 1.52378e+00
3.73485e+03 1.46154e+00
3.73507e+03 1.40403e+00
3.73529e+03 1.35112e+00
3.73552e+03 1.30271e+00
3.73574e+03 1.25860e+00
3.73596e+03 1.21863e+00
3.73619e+03 1.18259e+00
3.73641e+03 1.15021e+00
3.73664e+03 1.12129e+00
3.73686e+03 1.09559e+00
3.73708e+03 1.07286e+00
3.73731e+03 1.05286e+00
3.73753e+03 1.03536e+00
3.73775e+03 1.02014e+00
3.73798e+03 1.00697e+00
3.73820e+03 9.95648e-01
3.73842e+03 9.85981e-01
3.73865e+03 9.77785e-01
3.73887e+03 9.70895e-01
3.73910e+03 9.65158e-01
3.73932e+03 9.60431e-01
3.73954e+03 9.56587e-01
3.73977e+03 9.53513e-01
3.73999e+03 9.51104e-01
3.74021e+03 9.49266e-01
3.74044e+03 9.47918e-01
3.74066e+03 9.46991e-01
3.74088e+03 9.46421e-01
3.74111e+03 9.46151e-01
3.74133e+03 9.46136e-01
3.74156e+03 9.46333e-01
3.74178e+03 9.46708e-01
3.74200e+03 9.47232e-01
3.74223e+03 9.47877e-01
3.74245e+03 9.48623e-01
3.74267e+03 9.49453e-01
3.74290e+03 9.50348e-01
3.74312e+03 9.51299e-01
3.74334e+03 9.52296e-01
3.74357e+03 9.53330e-01
3.74379e+03 9.54392e-01
3.74402e+03 9.55477e-01
3.74424e+03 9.56579e-01
3.74446e+03 9.57697e-01
3.74469e+03 9.58827e-01
3.74491e+03 9.59965e-01
3.74513e+03 9.61110e-01
3.74536e+03 9.62260e-01
3.74558e+03 9.63416e-01
3.74580e+03 9.64572e-01
3.74603e+03 9.65733e-01
3.74625e+03 9.66895e-01
3.74648e+03 9.68059e-01
3.74670e+03 9.69224e-01
3.74692e+03 9.70387e-01
3.74715e+03 9.71552e-01
3.74737e+03 9.72720e-01
3.74759e+03 9.73883e-01
3.74782e+03 9.75051e-01
3.74804e+03 9.76216e-01
3.74826e+03 9.77381e-01
3.74849e+03 9.78548e-01
3.74871e+03 9.79712e-01
3.74893e+03 9.80878e-01
3.74916e+03 9.82920e-01
3.75000e+03 9.97715e-01
3.77000e+03 1.03329e+00
3.79000e+03 1.13494e+00
3.81000e+03 1.20122e+00
3.83000e+03 1.10073e+00
3.85000e+03 1.27697e+00
3.87000e+03 1.33206e+00
3.89000e+03 1.11327e+00
3.91000e+03 1.34340e+00
3.93000e+03 1.28989e+00
3.95000e+03 1.29964e+00
3.97000e+03 1.05111e+00
3.99000e+03 1.35759e+00
4.01000e+03 1.48936e+00
4.03000e+03 1.49434e+00
4.05000e+03 1.47959e+00
4.07000e+03 1.43577e+00
4.07820e+03 1.38263e+00
4.07845e+03 1.36633e+00
4.07870e+03 1.36438e+00
4.07894e+03 1.36242e+00
4.07919e+03 1.36045e+00
4.07943e+03 1.35847e+00
4.07968e+03 1.35652e+00
4.07993e+03 1.35456e+00
4.08017e+03 1.35260e+00
4.08042e+03 1.35065e+00
4.08066e+03 1.34868e+00
4.08091e+03 1.34672e+00
4.08116e+03 1.34476e+00
4.08140e+03 1.34281e+00
4.08165e+03 1.34085e+00
4.08190e+03 1.33890e+00
4.08214e+03 1.33694e+00
4.08239e+03 1.33497e+00
4.08263e+03 1.33302e+00
4.08288e+03 1.33107e+00
4.08313e+03 1.32913e+00
4.08337e+03 1.32717e+00
4.08362e+03 1.32523e+00
4.08386e+03 1.32327e+00
4.08411e+03 1.32132e+00
4.08436e+03 1.31936e+00
4.08460e+03 1.31742e+00
4.08485e+03 1.31548e+00
4.08510e+03 1.31354e+00
4.08534e+03 1.31161e+00
4.08559e+03 1.30968e+00
4.08583e+03 1.30775e+00
4.08608e+03 1.30583e+00
4.08633e+03 1.30392e+00
4.08657e+03 1.30201e+00
4.08682e+03 1.30013e+00
4.08706e+03 1.29825e+00
4.08731e+03 1.29639e+00
4.08756e+03 1.29454e+00
4.08780e+03 1.29273e+00
4.08805e+03 1.29092e+00
4.08830e+03 1.28917e+00
4.08854e+03 1.28746e+00
4.08879e+03 1.28579e+00
4.08903e+03 1.28418e+00
4.08928e+03 1.28266e+00
4.08953e+03 1.28119e+00
4.08977e+03 1.27984e+00
4.09000e+03 1.27886e+00
4.09002e+03 1.27821e+00
4.09026e+03 1.27704e+00
4.09051e+03 1.27570e+00
4.09076e+03 1.27451e+00
4.09100e+03 1.27353e+00
4.09125e+03 1.27273e+00
4.09150e+03 1.27220e+00
4.09174e+03 1.27192e+00
4.09199e+03 1.27195e+00
4.09223e+03 1.27231e+00
4.09248e+03 1.27303e+00
4.09273e+03 1.27419e+00
4.09297e+03 1.27578e+00
4.09322e+03 1.27786e+00
4.09347e+03 1.28047e+00
4.09371e+03 1.28365e+00
4.09396e+03 1.28743e+00
4.09420e+03 1.29186e+00
4.09445e+03 1.29698e+00
4.09470e+03 1.30281e+00
4.09494e+03 1.30940e+00
4.09519e+03 1.31675e+00
4.09543e+03 1.32489e+00
4.09568e+03 1.33382e+00
4.09593e+03 1.34357e+00
4.09617e+03 1.35411e+00
4.09642e+03 1.36545e+00
4.09667e+03 1.37756e+00
4.09691e+03 1.39037e+00
4.09716e+03 1.40389e+00
4.09740e+03 1.41804e+00
4.09765e+03 1.43273e+00
4.09790e+03 1.44789e+00
4.09814e+03 1.46342e+00
4.09839e+03 1.47923e+00
4.09863e+03 1.49519e+00
4.09888e+03 1.51120e+00
4.09913e+03 1.52709e+00
4.09937e+03 1.54273e+00
4.09962e+03 1.55798e+00
4.09987e+03 1.57271e+00
4.10011e+03 1.58674e+00
4.10036e+03 1.59995e+00
4.10060e+03 1.61218e+00
4.10085e+03 1.62329e+00
4.10110e+03 1.63314e+00
4.10134e+03 1.64162e+00
4.10159e+03 1.64863e+00
4.10183e+03 1.65405e+00
4.10208e+03 1.65782e+00
4.10233e+03 1.65985e+00
4.10257e+03 1.66013e+00
4.10282e+03 1.65861e+00
4.10307e+03 1.65527e+00
4.10331e+03 1.65015e+00
4.10356e+03 1.64327e+00
4.10380e+03 1.63467e+00
4.10405e+03 1.62442e+00
4.10430e+03 1.61262e+00
4.10454e+03 1.59936e+00
4.10479e+03 1.58475e+00
4.10503e+03 1.56890e+00
4.10528e+03 1.55195e+00
4.10553e+03 1.53406e+00
4.10577e+03 1.51536e+00
4.10602e+03 1.49602e+00
4.10627e+03 1.47615e+00
4.10651e+03 1.45594e+00
4.10676e+03 1.43551e+00
4.10700e+03 1.41496e+00
4.10725e+03 1.39449e+00
4.10750e+03 1.37423e+00
4.10774e+03 1.35423e+00
4.10799e+03 1.33464e+00
4.10823e+03 1.31551e+00
4.10848e+03 1.29697e+00
4.10873e+03 1.27904e+00
4.10897e+03 1.26184e+00
4.10922e+03 1.24535e+00
4.10947e+03 1.22964e+00
4.10971e+03 1.21472e+00
4.10996e+03 1.20340e+00
4.11000e+03 1.19712e+00
4.11020e+03 1.19198e+00
4.11045e+03 1.18576e+00
4.11070e+03 1.18004e+00
4.11094e+03 1.17509e+00
4.11119e+03 1.17087e+00
4.11144e+03 1.16737e+00
4.11168e+03 1.16452e+00
4.11193e+03 1.16234e+00
4.11217e+03 1.16075e+00
4.11242e+03 1.15969e+00
4.11267e+03 1.15919e+00
4.11291e+03 1.15914e+00
4.11316e+03 1.15956e+00
4.11340e+03 1.16037e+00
4.11365e+03 1.16153e+00
4.11390e+03 1.16301e+00
4.11414e+03 1.16481e+00
4.11439e+03 1.16684e+00
4.11464e+03 1.16912e+00
4.11488e+03 1.17161e+00
4.11513e+03 1.17428e+00
4.11537e+03 1.17712e+00
4.11562e+03 1.18007e+00
4.11587e+03 1.18314e+00
4.11611e+03 1.18633e+00
4.11636e+03 1.18960e+00
4.11660e+03 1.19296e+00
4.11685e+03 1.19637e+00
4.11710e+03 1.19983e+00
4.11734e+03 1.20335e+00
4.11759e+03 1.20690e+00
4.11784e+03 1.21048e+00
4.11808e+03 1.21409e+00
4.11833e+03 1.21772e+00
4.11857e+03 1.22136e+00
4.11882e+03 1.22503e+00
4.11907e+03 1.22870e+00
4.11931e+03 1.23238e+00
4.11956e+03 1.23608e+00
4.11981e+03 1.23977e+00
4.12005e+03 1.24348e+00
4.12030e+03 1.24719e+00
4.12054e+03 1.25088e+00
4.12079e+03 1.25459e+00
4.12104e+03 1.25829e+00
4.12128e+03 1.26202e+00
4.12153e+03 1.26571e+00
4.12177e+03 1.26943e+00
4.12202e+03 1.27314e+00
4.12227e+03 1.27684e+00
4.12251e+03 1.28055e+00
4.12276e+03 1.28426e+00
4.12301e+03 1.28797e+00
4.12325e+03 1.29168e+00
4.12350e+03 1.29539e+00
4.12374e+03 1.29909e+00
4.12399e+03 1.30279e+00
4.12424e+03 1.30650e+00
4.12448e+03 1.31020e+00
4.12473e+03 1.31390e+00
4.12497e+03 1.31760e+00
4.12522e+03 1.32131e+00
4.12547e+03 1.32499e+00
4.12571e+03 1.32870e+00
4.12596e+03 1.33239e+00
4.12621e+03 1.33608e+00
4.12645e+03 1.33979e+00
4.12670e+03 1.34347e+00
4.12694e+03 1.34716e+00
4.12719e+03 1.36095e+00
4.13000e+03 1.40325e+00
4.15000e+03 1.42470e+00
4.17000e+03 1.42439e+00
4.19000e+03 1.41263e+00
4.21000e+03 1.40391e+00
4.23000e+03 1.38684e+00
4.25000e+03 1.37746e+00
4.27000e+03 1.34980e+00
4.29000e+03 1.32448e+00
4.31000e+03 1.26705e+00
4.31565e+03 1.22839e+00
4.31591e+03 1.21894e+00
4.31617e+03 1.21726e+00
4.31643e+03 1.21558e+00
4.31669e+03 1.21390e+00
4.31695e+03 1.21221e+00
4.31721e+03 1.21052e+00
4.31747e+03 1.20885e+00
4.31773e+03 1.20717e+00
4.31799e+03 1.20549e+00
4.31825e+03 1.20381e+00
4.31852e+03 1.20213e+00
4.31878e+03 1.20045e+00
4.31904e+03 1.19878e+00
4.31930e+03 1.19710e+00
4.31956e+03 1.19543e+00
4.31982e+03 1.19374e+00
4.32008e+03 1.19207e+00
4.32034e+03 1.19040e+00
4.32060e+03 1.18872e+00
4.32086e+03 1.18704e+00
4.32112e+03 1.18538e+00
4.32138e+03 1.18371e+00
4.32164e+03 1.18205e+00
4.32190e+03 1.18038e+00
4.32216e+03 1.17871e+00
4.32242e+03 1.17706e+00
4.32268e+03 1.17540e+00
4.32294e+03 1.17376e+00
4.32320e+03 1.17211e+00
4.32346e+03 1.17048e+00
4.32373e+03 1.16885e+00
4.32399e+03 1.16723e+00
4.32425e+03 1.16562e+00
4.32451e+03 1.16403e+00
4.32477e+03 1.16246e+00
4.32503e+03 1.16092e+00
4.32529e+03 1.15940e+00
4.32555e+03 1.15793e+00
4.32581e+03 1.15650e+00
4.32607e+03 1.15511e+00
4.32633e+03 1.15379e+00
4.32659e+03 1.15254e+00
4.32685e+03 1.15138e+00
4.32711e+03 1.15033e+00
4.32737e+03 1.14940e+00
4.32763e+03 1.14862e+00
4.32789e+03 1.14799e+00
4.32815e+03 1.14758e+00
4.32841e+03 1.14736e+00
4.32867e+03 1.14745e+00
4.32894e+03 1.14780e+00
4.32920e+03 1.14852e+00
4.32946e+03 1.14959e+00
4.32972e+03 1.15112e+00
4.32998e+03 1.15256e+00
4.33000e+03 1.15393e+00
4.33024e+03 1.15608e+00
4.33050e+03 1.15952e+00
4.33076e+03 1.16370e+00
4.33102e+03 1.16864e+00
4.33128e+03 1.17439e+00
4.33154e+03 1.18103e+00
4.33180e+03 1.18864e+00
4.33206e+03 1.19726e+00
4.33232e+03 1.20702e+00
4.33258e+03 1.21796e+00
4.33284e+03 1.23013e+00
4.33310e+03 1.24363e+00
4.33336e+03 1.25845e+00
4.33362e+03 1.27472e+00
4.33388e+03 1.29242e+00
4.33415e+03 1.31157e+00
4.33441e+03 1.33221e+00
4.33467e+03 1.35431e+00
4.33493e+03 1.37783e+00
4.33519e+03 1.40276e+00
4.33545e+03 1.42903e+00
4.33571e+03 1.45653e+00
4.33597e+03 1.48516e+00
4.33623e+03 1.51482e+00
4.33649e+03 1.54533e+00
4.33675e+03 1.57652e+00
4.33701e+03 1.60820e+00
4.33727e+03 1.64019e+00
4.33753e+03 1.67222e+00
4.33779e+03 1.70407e+00
4.33805e+03 1.73547e+00
4.33831e+03 1.76616e+00
4.33857e+03 1.79587e+00
4.33883e+03 1.82435e+00
4.33909e+03 1.85129e+00
4.33935e+03 1.87644e+00
4.33962e+03 1.89955e+00
4.33988e+03 1.92038e+00
4.34014e+03 1.93870e+00
4.34040e+03 1.95431e+00
4.34066e+03 1.96705e+00
4.34092e+03 1.97676e+00
4.34118e+03 1.98332e+00
4.34144e+03 1.98665e+00
4.34170e+03 1.98670e+00
4.34196e+03 1.98343e+00
4.34222e+03 1.97691e+00
4.34248e+03 1.96716e+00
4.34274e+03 1.95429e+00
4.34300e+03 1.93841e+00
4.34326e+03 1.91967e+00
4.34352e+03 1.89826e+00
4.34378e+03 1.87439e+00
4.34404e+03 1.84828e+00
4.34430e+03 1.82016e+00
4.34457e+03 1.79031e+00
4.34483e+03 1.75899e+00
4.34509e+03 1.72647e+00
4.34535e+03 1.69301e+00
4.34561e+03 1.65888e+00
4.34587e+03 1.62438e+00
4.34613e+03 1.58972e+00
4.34639e+03 1.55516e+00
4.34665e+03 1.52091e+00
4.34691e+03 1.48721e+00
4.34717e+03 1.45421e+00
4.34743e+03 1.42211e+00
4.34769e+03 1.39105e+00
4.34795e+03 1.36114e+00
4.34821e+03 1.33250e+00
4.34847e+03 1.30519e+00
4.34873e+03 1.27930e+00
4.34899e+03 1.25484e+00
4.34925e+03 1.23186e+00
4.34951e+03 1.21034e+00
4.34978e+03 1.19093e+00
4.35000e+03 1.17741e+00
4.35004e+03 1.16952e+00
4.35030e+03 1.15996e+00
4.35056e+03 1.14892e+00
4.35082e+03 1.13919e+00
4.35108e+03 1.13070e+00
4.35134e+03 1.12337e+00
4.35160e+03 1.11713e+00
4.35186e+03 1.11192e+00
4.35212e+03 1.10766e+00
4.35238e+03 1.10428e+00
4.35264e+03 1.10169e+00
4.35290e+03 1.09984e+00
4.35316e+03 1.09865e+00
4.35342e+03 1.09806e+00
4.35368e+03 1.09800e+00
4.35394e+03 1.09845e+00
4.35420e+03 1.09928e+00
4.35446e+03 1.10051e+00
4.35472e+03 1.10208e+00
4.35499e+03 1.10393e+00
4.35525e+03 1.10603e+00
4.35551e+03 1.10837e+00
4.35577e+03 1.11087e+00
4.35603e+03 1.11355e+00
4.35629e+03 1.11636e+00
4.35655e+03 1.11929e+00
4.35681e+03 1.12233e+00
4.35707e+03 1.12543e+00
4.35733e+03 1.12861e+00
4.35759e+03 1.13186e+00
4.35785e+03 1.13514e+00
4.35811e+03 1.13847e+00
4.35837e+03 1.14185e+00
4.35863e+03 1.14524e+00
4.35889e+03 1.14866e+00
4.35915e+03 1.15211e+00
4.35941e+03 1.15555e+00
4.35967e+03 1.15900e+00
4.35993e+03 1.16247e+00
4.36020e+03 1.16594e+00
4.36046e+03 1.16944e+00
4.36072e+03 1.17291e+00
4.36098e+03 1.17639e+00
4.36124e+03 1.17989e+00
4.36150e+03 1.18338e+00
4.36176e+03 1.18687e+00
4.36202e+03 1.19038e+00
4.36228e+03 1.19387e+00
4.36254e+03 1.19737e+00
4.36280e+03 1.20086e+00
4.36306e+03 1.20434e+00
4.36332e+03 1.20784e+00
4.36358e+03 1.21133e+00
4.36384e+03 1.21481e+00
4.36410e+03 1.21831e+00
4.36436e+03 1.22179e+00
4.36462e+03 1.22527e+00
4.36488e+03 1.22878e+00
4.36515e+03 1.23226e+00
4.36541e+03 1.23574e+00
4.36567e+03 1.23922e+00
4.36593e+03 1.24271e+00
4.36619e+03 1.24619e+00
4.36645e+03 1.24966e+00
4.36671e+03 1.25315e+00
4.36697e+03 1.25663e+00
4.36723e+03 1.26009e+00
4.36749e+03 1.27149e+00
4.37000e+03 1.29796e+00
4.39000e+03 1.29256e+00
4.41000e+03 1.29619e+00
4.43000e+03 1.29754e+00
4.45000e+03 1.29712e+00
4.47000e+03 1.29135e+00
4.49000e+03 1.29195e+00
4.51000e+03 1.30687e+00
4.53000e+03 1.27533e+00
4.55000e+03 1.26517e+00
4.57000e+03 1.27768e+00
4.59000e+03 1.25847e+00
4.61000e+03 1.25680e+00
4.63000e+03 1.23969e+00
4.65000e+03 1.23804e+00
4.67000e+03 1.23437e+00
4.69000e+03 1.21036e+00
4.71000e+03 1.19360e+00
4.73000e+03 1.20742e+00
4.75000e+03 1.21012e+00
4.77000e+03 1.20168e+00
4.79000e+03 1.19036e+00
4.81000e+03 1.17360e+00
4.83000e+03 1.15425e+00
4.83484e+03 1.12714e+00
4.83513e+03 1.11767e+00
4.83542e+03 1.11562e+00
4.83571e+03 1.11358e+00
4.83600e+03 1.11154e+00
4.83629e+03 1.10950e+00
4.83659e+03 1.10747e+00
4.83688e+03 1.10541e+00
4.83717e+03 1.10340e+00
4.83746e+03 1.10135e+00
4.83775e+03 1.09933e+00
4.83805e+03 1.09729e+00
4.83834e+03 1.09526e+00
4.83863e+03 1.09325e+00
4.83892e+03 1.09122e+00
4.83921e+03 1.08921e+00
4.83950e+03 1.08720e+00
4.83980e+03 1.08520e+00
4.84009e+03 1.08321e+00
4.84038e+03 1.08123e+00
4.84067e+03 1.07927e+00
4.84096e+03 1.07733e+00
4.84126e+03 1.07542e+00
4.84155e+03 1.07354e+00
4.84184e+03 1.07168e+00
4.84213e+03 1.06989e+00
4.84242e+03 1.06812e+00
4.84272e+03 1.06645e+00
4.84301e+03 1.06485e+00
4.84330e+03 1.06335e+00
4.84359e+03 1.06197e+00
4.84388e+03 1.06073e+00
4.84417e+03 1.05967e+00
4.84447e+03 1.05878e+00
4.84476e+03 1.05815e+00
4.84505e+03 1.05780e+00
4.84534e+03 1.05777e+00
4.84563e+03 1.05813e+00
4.84593e+03 1.05893e+00
4.84622e+03 1.06024e+00
4.84651e+03 1.06212e+00
4.84680e+03 1.06471e+00
4.84709e+03 1.06804e+00
4.84738e+03 1.07226e+00
4.84768e+03 1.07745e+00
4.84797e+03 1.08376e+00
4.84826e+03 1.09130e+00
4.84855e+03 1.10021e+00
4.84884e+03 1.11063e+00
4.84914e+03 1.12275e+00
4.84943e+03 1.13669e+00
4.84972e+03 1.15242e+00
4.85000e+03 1.16547e+00
4.85001e+03 1.17541e+00
4.85030e+03 1.19135e+00
4.85059e+03 1.21447e+00
4.85089e+03 1.24024e+00
4.85118e+03 1.26877e+00
4.85147e+03 1.30019e+00
4.85176e+03 1.33462e+00
4.85205e+03 1.37218e+00
4.85235e+03 1.41287e+00
4.85264e+03 1.45680e+00
4.85293e+03 1.50395e+00
4.85322e+03 1.55429e+00
4.85351e+03 1.60777e+00
4.85381e+03 1.66431e+00
4.85410e+03 1.72369e+00
4.85439e+03 1.78572e+00
4.85468e+03 1.85022e+00
4.85497e+03 1.91685e+00
4.85526e+03 1.98524e+00
4.85556e+03 2.05505e+00
4.85585e+03 2.12585e+00
4.85614e+03 2.19712e+00
4.85643e+03 2.26840e+00
4.85672e+03 2.33913e+00
4.85702e+03 2.40871e+00
4.85731e+03 2.47662e+00
4.85760e+03 2.54225e+00
4.85789e+03 2.60497e+00
4.85818e+03 2.66416e+00
4.85847e+03 2.71932e+00
4.85877e+03 2.76986e+00
4.85906e+03 2.81524e+00
4.85935e+03 2.85504e+00
4.85964e+03 2.88880e+00
4.85993e+03 2.91613e+00
4.86023e+03 2.93676e+00
4.86052e+03 2.95044e+00
4.86081e+03 2.95699e+00
4.86110e+03 2.95633e+00
4.86139e+03 2.94845e+00
4.86168e+03 2.93343e+00
4.86198e+03 2.91140e+00
4.86227e+03 2.88255e+00
4.86256e+03 2.84721e+00
4.86285e+03 2.80572e+00
4.86314e+03 2.75849e+00
4.86344e+03 2.70596e+00
4.86373e+03 2.64868e+00
4.86402e+03 2.58716e+00
4.86431e+03 2.52198e+00
4.86460e+03 2.45376e+00
4.86490e+03 2.38303e+00
4.86519e+03 2.31043e+00
4.86548e+03 2.23656e+00
4.86577e+03 2.16195e+00
4.86606e+03 2.08714e+00
4.86635e+03 2.01272e+00
4.86665e+03 1.93916e+00
4.86694e+03 1.86684e+00
4.86723e+03 1.79623e+00
4.86752e+03 1.72767e+00
4.86781e+03 1.66144e+00
4.86811e+03 1.59781e+00
4.86840e+03 1.53703e+00
4.86869e+03 1.47920e+00
4.86898e+03 1.42448e+00
4.86927e+03 1.37298e+00
4.86956e+03 1.32466e+00
4.86986e+03 1.28501e+00
4.87000e+03 1.25869e+00
4.87015e+03 1.23572e+00
4.87044e+03 1.20621e+00
4.87073e+03 1.17530e+00
4.87102e+03 1.14733e+00
4.87132e+03 1.12219e+00
4.87161e+03 1.09968e+00
4.87190e+03 1.07971e+00
4.87219e+03 1.06211e+00
4.87248e+03 1.04668e+00
4.87277e+03 1.03330e+00
4.87307e+03 1.02179e+00
4.87336e+03 1.01200e+00
4.87365e+03 1.00378e+00
4.87394e+03 9.96959e-01
4.87423e+03 9.91421e-01
4.87453e+03 9.87012e-01
4.87482e+03 9.83630e-01
4.87511e+03 9.81146e-01
4.87540e+03 9.79463e-01
4.87569e+03 9.78471e-01
4.87598e+03 9.78105e-01
4.87628e+03 9.78266e-01
4.87657e+03 9.78885e-01
4.87686e+03 9.79905e-01
4.87715e+03 9.81255e-01
4.87744e+03 9.82908e-01
4.87774e+03 9.84807e-01
4.87803e+03 9.86918e-01
4.87832e+03 9.89197e-01
4.87861e+03 9.91631e-01
4.87890e+03 9.94192e-01
4.87920e+03 9.96850e-01
4.87949e+03 9.99591e-01
4.87978e+03 1.00241e+00
4.88007e+03 1.00528e+00
4.88036e+03 1.00820e+00
4.88065e+03 1.01117e+00
4.88095e+03 1.01414e+00
4.88124e+03 1.01716e+00
4.88153e+03 1.02020e+00
4.88182e+03 1.02324e+00
4.88211e+03 1.02629e+00
4.88241e+03 1.02938e+00
4.88270e+03 1.03245e+00
4.88299e+03 1.03553e+00
4.88328e+03 1.03863e+00
4.88357e+03 1.04171e+00
4.88386e+03 1.04481e+00
4.88416e+03 1.04792e+00
4.88445e+03 1.05100e+00
4.88474e+03 1.05409e+00
4.88503e+03 1.05720e+00
4.88532e+03 1.06030e+00
4.88562e+03 1.06339e+00
4.88591e+03 1.06650e+00
4.88620e+03 1.06959e+00
4.88649e+03 1.07268e+00
4.88678e+03 1.07579e+00
4.88707e+03 1.07888e+00
4.88737e+03 1.08197e+00
4.88766e+03 1.08507e+00
4.88795e+03 1.08816e+00
4.88824e+03 1.09126e+00
4.88853e+03 1.09435e+00
4.88883e+03 1.09744e+00
4.88912e+03 1.10053e+00
4.88941e+03 1.10362e+00
4.88970e+03 1.10674e+00
4.89000e+03 1.10951e+00
4.89029e+03 1.11022e+00
4.89058e+03 1.11056e+00
4.89087e+03 1.11091e+00
4.89116e+03 1.11126e+00
4.89145e+03 1.11160e+00
4.89174e+03 1.11195e+00
4.89204e+03 1.11230e+00
4.89233e+03 1.11265e+00
4.89262e+03 1.11300e+00
4.89291e+03 1.12016e+00
4.91000e+03 1.12983e+00
4.92877e+03 1.12299e+00
4.92907e+03 1.12203e+00
4.92936e+03 1.12185e+00
4.92966e+03 1.12167e+00
4.92996e+03 1.12150e+00
4.93000e+03 1.12154e+00
4.93026e+03 1.12171e+00
4.93055e+03 1.12196e+00
4.93085e+03 1.12224e+00
4.93115e+03 1.12250e+00
4.93145e+03 1.12277e+00
4.93174e+03 1.12304e+00
4.93204e+03 1.12332e+00
4.93234e+03 1.12359e+00
4.93264e+03 1.12387e+00
4.93293e+03 1.12414e+00
4.93323e+03 1.12441e+00
4.93353e+03 1.12468e+00
4.93383e+03 1.12495e+00
4.93412e+03 1.12521e+00
4.93442e+03 1.12549e+00
4.93472e+03 1.12576e+00
4.93502e+03 1.12603e+00
4.93531e+03 1.12630e+00
4.93561e+03 1.12658e+00
4.93591e+03 1.12685e+00
4.93621e+03 1.12712e+00
4.93650e+03 1.12739e+00
4.93680e+03 1.12768e+00
4.93710e+03 1.12796e+00
4.93740e+03 1.12824e+00
4.93769e+03 1.12852e+00
4.93799e+03 1.12879e+00
4.93829e+03 1.12909e+00
4.93859e+03 1.12939e+00
4.93888e+03 1.12969e+00
4.93918e+03 1.12999e+00
4.93948e+03 1.13031e+00
4.93978e+03 1.13065e+00
4.94007e+03 1.13100e+00
4.94037e+03 1.13137e+00
4.94067e+03 1.13176e+00
4.94097e+03 1.13217e+00
4.94126e+03 1.13262e+00
4.94156e+03 1.13311e+00
4.94186e+03 1.13365e+00
4.94216e+03 1.13424e+00
4.94245e+03 1.13490e+00
4.94275e+03 1.13561e+00
4.94305e+03 1.13640e+00
4.94335e+03 1.13731e+00
4.94364e+03 1.13834e+00
4.94394e+03 1.13948e+00
4.94424e+03 1.14077e+00
4.94454e+03 1.14224e+00
4.94483e+03 1.14389e+00
4.94513e+03 1.14574e+00
4.94543e+03 1.14785e+00
4.94573e+03 1.15022e+00
4.94602e+03 1.15288e+00
4.94632e+03 1.15586e+00
4.94662e+03 1.15919e+00
4.94692e+03 1.16294e+00
4.94721e+03 1.16708e+00
4.94751e+03 1.17168e+00
4.94781e+03 1.17677e+00
4.94811e+03 1.18235e+00
4.94840e+03 1.18848e+00
4.94870e+03 1.19519e+00
4.94900e+03 1.20248e+00
4.94930e+03 1.21039e+00
4.94959e+03 1.21894e+00
4.94989e+03 1.22655e+00
4.95000e+03 1.23223e+00
4.95019e+03 1.23857e+00
4.95049e+03 1.24781e+00
4.95078e+03 1.25852e+00
4.95108e+03 1.26986e+00
4.95138e+03 1.28178e+00
4.95168e+03 1.29424e+00
4.95197e+03 1.30720e+00
4.95227e+03 1.32060e+00
4.95257e+03 1.33437e+00
4.95287e+03 1.34843e+00
4.95316e+03 1.36273e+00
4.95346e+03 1.37714e+00
4.95376e+03 1.39158e+00
4.95406e+03 1.40595e+00
4.95435e+03 1.42012e+00
4.95465e+03 1.43398e+00
4.95495e+03 1.44741e+00
4.95525e+03 1.46031e+00
4.95554e+03 1.47256e+00
4.95584e+03 1.48401e+00
4.95614e+03 1.49459e+00
4.95644e+03 1.50417e+00
4.95673e+03 1.51265e+00
4.95703e+03 1.51996e+00
4.95733e+03 1.52602e+00
4.95763e+03 1.53077e+00
4.95792e+03 1.53414e+00
4.95822e+03 1.53609e+00
4.95852e+03 1.53663e+00
4.95882e+03 1.53574e+00
4.95911e+03 1.53342e+00
4.95941e+03 1.52969e+00
4.95971e+03 1.52460e+00
4.96001e+03 1.51820e+00
4.96030e+03 1.51057e+00
4.96060e+03 1.50175e+00
4.96090e+03 1.49187e+00
4.96120e+03 1.48103e+00
4.96149e+03 1.46927e+00
4.96179e+03 1.45678e+00
4.96209e+03 1.44366e+00
4.96239e+03 1.42998e+00
4.96268e+03 1.41592e+00
4.96298e+03 1.40155e+00
4.96328e+03 1.38703e+00
4.96358e+03 1.37243e+00
4.96387e+03 1.35787e+00
4.96417e+03 1.34345e+00
4.96447e+03 1.32926e+00
4.96477e+03 1.31538e+00
4.96506e+03 1.30187e+00
4.96536e+03 1.28884e+00
4.96566e+03 1.27629e+00
4.96596e+03 1.26430e+00
4.96625e+03 1.25289e+00
4.96655e+03 1.24210e+00
4.96685e+03 1.23194e+00
4.96715e+03 1.22240e+00
4.96744e+03 1.21351e+00
4.96774e+03 1.20526e+00
4.96804e+03 1.19763e+00
4.96834e+03 1.19060e+00
4.96863e+03 1.18418e+00
4.96893e+03 1.17832e+00
4.96923e+03 1.17299e+00
4.96953e+03 1.16817e+00
4.96982e+03 1.16422e+00
4.97000e+03 1.16163e+00
4.97012e+03 1.15920e+00
4.97042e+03 1.15596e+00
4.97072e+03 1.15251e+00
4.97102e+03 1.14941e+00
4.97131e+03 1.14663e+00
4.97161e+03 1.14415e+00
4.97191e+03 1.14192e+00
4.97221e+03 1.13993e+00
4.97250e+03 1.13816e+00
4.97280e+03 1.13656e+00
4.97310e+03 1.13512e+00
4.97340e+03 1.13384e+00
4.97369e+03 1.13270e+00
4.97399e+03 1.13163e+00
4.97429e+03 1.13068e+00
4.97458e+03 1.12982e+00
4.97488e+03 1.12903e+00
4.97518e+03 1.12829e+00
4.97548e+03 1.12761e+00
4.97578e+03 1.12695e+00
4.97607e+03 1.12637e+00
4.97637e+03 1.12585e+00
4.97648e+03 1.12557e+00
4.97667e+03 1.12528e+00
4.97678e+03 1.12502e+00
4.97697e+03 1.12475e+00
4.97708e+03 1.12452e+00
4.97726e+03 1.12425e+00
4.97738e+03 1.12401e+00
4.97756e+03 1.12375e+00
4.97768e+03 1.12352e+00
4.97786e+03 1.12327e+00
4.97798e+03 1.12304e+00
4.97816e+03 1.12280e+00
4.97828e+03 1.12259e+00
4.97845e+03 1.12234e+00
4.97858e+03 1.12213e+00
4.97875e+03 1.12189e+00
4.97888e+03 1.12166e+00
4.97905e+03 1.12144e+00
4.97918e+03 1.12122e+00
4.97935e+03 1.12101e+00
4.97948e+03 1.12080e+00
4.97964e+03 1.12057e+00
4.97978e+03 1.12036e+00
4.97994e+03 1.12014e+00
4.98008e+03 1.11991e+00
4.98024e+03 1.11970e+00
4.98039e+03 1.11948e+00
4.98054e+03 1.11927e+00
4.98069e+03 1.11905e+00
4.98083e+03 1.11883e+00
4.98099e+03 1.11862e+00
4.98113e+03 1.11840e+00
4.98129e+03 1.11818e+00
4.98143e+03 1.11797e+00
4.98159e+03 1.11776e+00
4.98173e+03 1.11756e+00
4.98189e+03 1.11733e+00
4.98202e+03 1.11712e+00
4.98219e+03 1.11691e+00
4.98232e+03 1.11671e+00
4.98249e+03 1.11649e+00
4.98262e+03 1.11628e+00
4.98279e+03 1.11605e+00
4.98292e+03 1.11587e+00
4.98309e+03 1.11564e+00
4.98321e+03 1.11544e+00
4.98339e+03 1.11522e+00
4.98351e+03 1.11501e+00
4.98369e+03 1.11480e+00
4.98381e+03 1.11460e+00
4.98399e+03 1.11438e+00
4.98411e+03 1.11418e+00
4.98429e+03 1.11397e+00
4.98440e+03 1.11378e+00
4.98459e+03 1.11355e+00
4.98470e+03 1.11337e+00
4.98489e+03 1.11315e+00
4.98500e+03 1.11297e+00
4.98519e+03 1.11275e+00
4.98530e+03 1.11257e+00
4.98549e+03 1.11236e+00
4.98559e+03 1.11219e+00
4.98579e+03 1.11198e+00
4.98589e+03 1.11181e+00
4.98609e+03 1.11160e+00
4.98619e+03 1.11145e+00
4.98639e+03 1.11124e+00
4.98649e+03 1.11109e+00
4.98669e+03 1.11090e+00
4.98678e+03 1.11076e+00
4.98699e+03 1.11058e+00
4.98708e+03 1.11046e+00
4.98729e+03 1.11029e+00
4.98738e+03 1.11017e+00
4.98759e+03 1.11003e+00
4.98768e+03 1.10993e+00
4.98790e+03 1.10979e+00
4.98797e+03 1.10972e+00
4.98820e+03 1.10961e+00
4.98850e+03 1.10950e+00
4.98880e+03 1.10945e+00
4.98910e+03 1.10949e+00
4.98940e+03 1.10963e+00
4.98970e+03 1.10990e+00
4.99000e+03 1.11029e+00
4.99030e+03 1.11089e+00
4.99060e+03 1.11169e+00
4.99090e+03 1.11270e+00
4.99120e+03 1.11397e+00
4.99150e+03 1.11556e+00
4.99180e+03 1.11752e+00
4.99210e+03 1.11985e+00
4.99240e+03 1.12265e+00
4.99270e+03 1.12596e+00
4.99300e+03 1.12987e+00
4.99330e+03 1.13445e+00
4.99360e+03 1.13975e+00
4.99390e+03 1.14591e+00
4.99420e+03 1.15295e+00
4.99450e+03 1.16101e+00
4.99480e+03 1.17017e+00
4.99510e+03 1.18053e+00
4.99541e+03 1.19220e+00
4.99571e+03 1.20526e+00
4.99601e+03 1.21983e+00
4.99631e+03 1.23597e+00
4.99661e+03 1.25382e+00
4.99691e+03 1.27345e+00
4.99721e+03 1.29491e+00
4.99751e+03 1.31825e+00
4.99781e+03 1.34353e+00
4.99811e+03 1.37083e+00
4.99841e+03 1.40010e+00
4.99871e+03 1.43134e+00
4.99901e+03 1.46452e+00
4.99931e+03 1.49959e+00
4.99961e+03 1.53647e+00
4.99991e+03 1.57504e+00
5.00021e+03 1.61515e+00
5.00051e+03 1.65662e+00
5.00081e+03 1.69923e+00
5.00111e+03 1.74281e+00
5.00141e+03 1.78707e+00
5.00171e+03 1.83171e+00
5.00201e+03 1.87639e+00
5.00231e+03 1.92085e+00
5.00261e+03 1.96472e+00
5.00292e+03 2.00764e+00
5.00322e+03 2.04925e+00
5.00352e+03 2.08914e+00
5.00382e+03 2.12699e+00
5.00412e+03 2.16244e+00
5.00442e+03 2.19515e+00
5.00472e+03 2.22475e+00
5.00502e+03 2.25097e+00
5.00532e+03 2.27354e+00
5.00562e+03 2.29222e+00
5.00592e+03 2.30679e+00
5.00622e+03 2.31713e+00
5.00652e+03 2.32308e+00
5.00682e+03 2.32460e+00
5.00712e+03 2.32167e+00
5.00742e+03 2.31431e+00
5.00772e+03 2.30258e+00
5.00802e+03 2.28664e+00
5.00832e+03 2.26663e+00
5.00862e+03 2.24274e+00
5.00892e+03 2.21524e+00
5.00922e+03 2.18439e+00
5.00952e+03 2.15053e+00
5.00982e+03 2.11789e+00
5.01000e+03 2.09310e+00
5.01012e+03 2.06954e+00
5.01042e+03 2.03495e+00
5.01073e+03 1.99303e+00
5.01103e+03 1.94984e+00
5.01133e+03 1.90577e+00
5.01163e+03 1.86113e+00
5.01193e+03 1.81627e+00
5.01223e+03 1.77156e+00
5.01253e+03 1.72729e+00
5.01283e+03 1.68375e+00
5.01313e+03 1.64115e+00
5.01343e+03 1.59972e+00
5.01373e+03 1.55969e+00
5.01403e+03 1.52127e+00
5.01433e+03 1.48455e+00
5.01463e+03 1.44962e+00
5.01493e+03 1.41657e+00
5.01523e+03 1.38549e+00
5.01553e+03 1.35640e+00
5.01583e+03 1.32929e+00
5.01613e+03 1.30416e+00
5.01643e+03 1.28096e+00
5.01673e+03 1.25965e+00
5.01703e+03 1.24019e+00
5.01733e+03 1.22247e+00
5.01763e+03 1.20644e+00
5.01793e+03 1.19197e+00
5.01823e+03 1.17899e+00
5.01854e+03 1.16740e+00
5.01884e+03 1.15710e+00
5.01914e+03 1.14798e+00
5.01944e+03 1.13996e+00
5.01974e+03 1.13291e+00
5.02004e+03 1.12679e+00
5.02034e+03 1.12146e+00
5.02064e+03 1.11687e+00
5.02094e+03 1.11292e+00
5.02124e+03 1.10956e+00
5.02154e+03 1.10671e+00
5.02184e+03 1.10432e+00
5.02214e+03 1.10232e+00
5.02244e+03 1.10064e+00
5.02274e+03 1.09927e+00
5.02304e+03 1.09817e+00
5.02334e+03 1.09729e+00
5.02364e+03 1.09659e+00
5.02394e+03 1.09605e+00
5.02424e+03 1.09566e+00
5.02454e+03 1.09538e+00
5.02484e+03 1.09520e+00
5.02514e+03 1.09509e+00
5.02544e+03 1.09506e+00
5.02574e+03 1.09508e+00
5.02604e+03 1.09514e+00
5.02635e+03 1.09525e+00
5.02665e+03 1.09540e+00
5.02695e+03 1.09555e+00
5.02725e+03 1.09574e+00
5.02755e+03 1.09593e+00
5.02785e+03 1.09615e+00
5.02815e+03 1.09638e+00
5.02845e+03 1.09661e+00
5.02875e+03 1.09685e+00
5.02905e+03 1.09709e+00
5.02935e+03 1.09734e+00
5.02965e+03 1.09759e+00
5.02995e+03 1.09778e+00
5.03000e+03 1.09789e+00
5.03025e+03 1.09775e+00
5.03055e+03 1.09760e+00
5.03085e+03 1.09745e+00
5.03115e+03 1.09729e+00
5.03145e+03 1.09714e+00
5.03175e+03 1.09699e+00
5.03205e+03 1.09684e+00
5.03235e+03 1.09668e+00
5.03265e+03 1.09654e+00
5.03295e+03 1.09638e+00
5.03325e+03 1.09623e+00
5.03355e+03 1.09610e+00
5.03385e+03 1.09594e+00
5.03416e+03 1.09578e+00
5.03446e+03 1.09563e+00
5.03476e+03 1.09547e+00
5.03506e+03 1.09534e+00
5.03536e+03 1.09518e+00
5.03566e+03 1.09502e+00
5.03596e+03 1.09488e+00
5.03626e+03 1.09436e+00
5.05000e+03 1.09108e+00
5.07000e+03 1.09657e+00
5.09000e+03 1.08356e+00
5.11000e+03 1.07993e+00
5.13000e+03 1.06647e+00
5.15000e+03 1.05001e+00
5.17000e+03 1.03245e+00
5.19000e+03 1.03260e+00
5.21000e+03 1.04097e+00
5.23000e+03 1.04483e+00
5.25000e+03 1.04672e+00
5.27000e+03 1.02119e+00
5.29000e+03 1.04080e+00
5.31000e+03 1.04417e+00
5.33000e+03 1.02091e+00
5.35000e+03 1.03152e+00
5.37000e+03 1.02724e+00
5.39000e+03 1.01655e+00
5.41000e+03 1.00480e+00
5.43000e+03 1.00689e+00
5.45000e+03 1.01072e+00
5.47000e+03 1.00165e+00
5.49000e+03 9.97535e-01
5.51000e+03 9.91377e-01
5.53000e+03 9.90405e-01
5.55000e+03 9.88809e-01
5.57000e+03 9.78748e-01
5.59000e+03 9.70461e-01
5.61000e+03 9.72200e-01
5.63000e+03 9.67266e-01
5.65000e+03 9.62753e-01
5.67000e+03 9.53416e-01
5.69000e+03 9.50690e-01
5.71000e+03 9.38242e-01
5.73000e+03 9.45701e-01
5.75000e+03 9.35781e-01
5.77000e+03 9.31807e-01
5.79000e+03 9.23163e-01
5.81000e+03 9.28105e-01
5.83000e+03 9.30223e-01
5.85000e+03 9.21138e-01
5.87000e+03 9.09895e-01
5.89000e+03 8.94757e-01
5.91000e+03 9.01998e-01
5.93000e+03 9.00176e-01
5.95000e+03 8.96054e-01
5.97000e+03 8.93857e-01
5.99000e+03 8.85836e-01
6.01000e+03 8.78233e-01
6.03000e+03 8.78254e-01
6.05000e+03 8.78124e-01
6.07000e+03 8.72586e-01
6.09000e+03 8.61597e-01
6.11000e+03 8.54944e-01
6.13000e+03 8.41662e-01
6.15000e+03 8.37734e-01
6.17000e+03 8.31104e-01
6.19000e+03 8.36851e-01
6.21000e+03 8.32851e-01
6.23000e+03 8.21422e-01
6.25000e+03 8.11151e-01
6.27000e+03 8.17300e-01
6.29000e+03 8.16123e-01
6.31000e+03 8.04071e-01
6.33000e+03 8.01913e-01
6.35000e+03 7.98035e-01
6.37000e+03 7.94846e-01
6.39000e+03 7.94375e-01
6.41000e+03 7.87562e-01
6.43000e+03 7.86059e-01
6.45000e+03 7.81523e-01
6.47000e+03 7.77834e-01
6.49000e+03 7.70707e-01
6.51000e+03 7.70597e-01
6.52364e+03 7.66133e-01
6.52404e+03 7.64978e-01
6.52443e+03 7.64779e-01
6.52482e+03 7.64582e-01
6.52522e+03 7.64383e-01
6.52561e+03 7.64185e-01
6.52600e+03 7.63986e-01
6.52640e+03 7.63788e-01
6.52679e+03 7.63590e-01
6.52719e+03 7.63395e-01
6.52758e+03 7.63196e-01
6.52797e+03 7.62999e-01
6.52837e+03 7.62801e-01
6.52876e+03 7.62607e-01
6.52915e+03 7.62412e-01
6.52955e+03 7.62216e-01
6.52994e+03 7.62048e-01
6.53000e+03 7.61855e-01
6.53034e+03 7.61232e-01
6.53073e+03 7.60401e-01
6.53112e+03 7.59545e-01
6.53152e+03 7.58692e-01
6.53191e+03 7.57847e-01
6.53230e+03 7.57007e-01
6.53270e+03 7.56176e-01
6.53309e+03 7.55357e-01
6.53349e+03 7.54554e-01
6.53388e+03 7.53767e-01
6.53427e+03 7.53007e-01
6.53467e+03 7.52275e-01
6.53506e+03 7.51583e-01
6.53546e+03 7.50937e-01
6.53585e+03 7.50351e-01
6.53624e+03 7.49840e-01
6.53664e+03 7.49419e-01
6.53703e+03 7.49113e-01
6.53742e+03 7.48944e-01
6.53782e+03 7.48949e-01
6.53821e+03 7.49160e-01
6.53860e+03 7.49624e-01
6.53900e+03 7.50393e-01
6.53939e+03 7.51530e-01
6.53979e+03 7.53107e-01
6.54018e+03 7.55211e-01
6.54057e+03 7.57939e-01
6.54097e+03 7.61408e-01
6.54136e+03 7.65747e-01
6.54176e+03 7.71108e-01
6.54215e+03 7.77663e-01
6.54254e+03 7.85607e-01
6.54294e+03 7.95159e-01
6.54333e+03 8.06559e-01
6.54372e+03 8.20085e-01
6.54412e+03 8.36030e-01
6.54451e+03 8.54727e-01
6.54491e+03 8.76532e-01
6.54530e+03 9.01834e-01
6.54569e+03 9.31049e-01
6.54609e+03 9.64621e-01
6.54648e+03 1.00302e+00
6.54687e+03 1.04671e+00
6.54727e+03 1.09622e+00
6.54766e+03 1.15212e+00
6.54806e+03 1.21486e+00
6.54845e+03 1.28501e+00
6.54884e+03 1.36309e+00
6.54924e+03 1.44960e+00
6.54963e+03 1.54339e+00
6.55000e+03 1.61901e+00
6.55002e+03 1.67523e+00
6.55042e+03 1.76357e+00
6.55081e+03 1.88745e+00
6.55121e+03 2.02165e+00
6.55160e+03 2.16632e+00
6.55199e+03 2.32151e+00
6.55239e+03 2.48716e+00
6.55278e+03 2.66304e+00
6.55317e+03 2.84892e+00
6.55357e+03 3.04437e+00
6.55396e+03 3.24874e+00
6.55436e+03 3.46128e+00
6.55475e+03 3.68109e+00
6.55514e+03 3.90707e+00
6.55554e+03 4.13800e+00
6.55593e+03 4.37252e+00
6.55633e+03 4.60913e+00
6.55672e+03 4.84619e+00
6.55711e+03 5.08194e+00
6.55751e+03 5.31460e+00
6.55790e+03 5.54218e+00
6.55829e+03 5.76282e+00
6.55869e+03 5.97464e+00
6.55908e+03 6.17564e+00
6.55948e+03 6.36392e+00
6.55987e+03 6.53764e+00
6.56026e+03 6.69509e+00
6.56066e+03 6.83468e+00
6.56105e+03 6.95494e+00
6.56144e+03 7.05462e+00
6.56184e+03 7.13266e+00
6.56223e+03 7.18820e+00
6.56263e+03 7.22065e+00
6.56302e+03 7.22964e+00
6.56341e+03 7.21506e+00
6.56381e+03 7.17704e+00
6.56420e+03 7.11598e+00
6.56459e+03 7.03253e+00
6.56499e+03 6.92751e+00
6.56538e+03 6.80207e+00
6.56578e+03 6.65745e+00
6.56617e+03 6.49515e+00
6.56656e+03 6.31675e+00
6.56696e+03 6.12402e+00
6.56735e+03 5.91876e+00
6.56775e+03 5.70289e+00
6.56814e+03 5.47843e+00
6.56853e+03 5.24723e+00
6.56893e+03 5.01120e+00
6.56932e+03 4.77226e+00
6.56971e+03 4.54861e+00
6.57000e+03 4.38525e+00
6.57011e+03 4.25099e+00
6.57050e+03 4.06006e+00
6.57090e+03 3.83012e+00
6.57129e+03 3.60527e+00
6.57168e+03 3.38671e+00
6.57208e+03 3.17552e+00
6.57247e+03 2.97260e+00
6.57286e+03 2.77868e+00
6.57326e+03 2.59441e+00
6.57365e+03 2.42014e+00
6.57405e+03 2.25615e+00
6.57444e+03 2.10264e+00
6.57483e+03 1.95964e+00
6.57523e+03 1.82708e+00
6.57562e+03 1.70481e+00
6.57601e+03 1.59256e+00
6.57641e+03 1.48998e+00
6.57680e+03 1.39670e+00
6.57720e+03 1.31227e+00
6.57759e+03 1.23622e+00
6.57798e+03 1.16802e+00
6.57838e+03 1.10716e+00
6.57877e+03 1.05312e+00
6.57916e+03 1.00538e+00
6.57956e+03 9.63404e-01
6.57995e+03 9.26670e-01
6.58035e+03 8.94706e-01
6.58074e+03 8.67046e-01
6.58113e+03 8.43250e-01
6.58153e+03 8.22907e-01
6.58192e+03 8.05627e-01
6.58231e+03 7.91060e-01
6.58271e+03 7.78879e-01
6.58310e+03 7.68786e-01
6.58350e+03 7.60517e-01
6.58389e+03 7.53826e-01
6.58428e+03 7.48502e-01
6.58468e+03 7.44351e-01
6.58507e+03 7.41202e-01
6.58546e+03 7.38907e-01
6.58586e+03 7.37339e-01
6.58625e+03 7.36382e-01
6.58665e+03 7.35942e-01
6.58704e+03 7.35933e-01
6.58743e+03 7.36283e-01
6.58783e+03 7.36932e-01
6.58822e+03 7.37828e-01
6.58862e+03 7.38924e-01
6.58901e+03 7.40188e-01
6.58940e+03 7.41586e-01
6.58980e+03 7.42896e-01
6.59000e+03 7.43800e-01
6.59019e+03 7.43891e-01
6.59058e+03 7.43887e-01
6.59098e+03 7.43945e-01
6.59137e+03 7.44052e-01
6.59177e+03 7.44193e-01
6.59216e+03 7.44364e-01
6.59255e+03 7.44556e-01
6.59295e+03 7.44768e-01
6.59334e+03 7.44994e-01
6.59373e+03 7.45232e-01
6.59413e+03 7.45478e-01
6.59452e+03 7.45729e-01
6.59492e+03 7.45987e-01
6.59531e+03 7.46250e-01
6.59570e+03 7.46512e-01
6.59610e+03 7.46780e-01
6.59649e+03 7.47048e-01
6.59688e+03 7.47317e-01
6.59728e+03 7.47588e-01
6.59767e+03 7.47860e-01
6.59807e+03 7.48130e-01
6.59846e+03 7.48403e-01
6.59885e+03 7.48676e-01
6.59925e+03 7.48948e-01
6.59964e+03 7.49219e-01
6.60004e+03 7.49493e-01
6.60043e+03 7.49766e-01
6.60082e+03 7.50037e-01
6.60122e+03 7.50310e-01
6.60161e+03 7.50583e-01
6.60200e+03 7.52557e-01
6.61000e+03 7.56459e-01
6.63000e+03 7.55508e-01
6.65000e+03 7.53233e-01
6.67000e+03 7.47544e-01
6.69000e+03 7.47280e-01
6.71000e+03 7.42152e-01
6.73000e+03 7.42787e-01
6.75000e+03 7.38616e-01
6.77000e+03 7.36930e-01
6.79000e+03 7.33243e-01
6.81000e+03 7.31086e-01
6.83000e+03 7.29658e-01
6.85000e+03 7.23735e-01
6.87000e+03 7.23830e-01
6.89000e+03 7.23602e-01
6.91000e+03 7.20883e-01
6.93000e+03 7.17322e-01
6.95000e+03 7.14290e-01
6.97000e+03 7.13416e-01
6.99000e+03 7.10489e-01
7.01000e+03 7.04681e-01
7.03000e+03 7.05513e-01
7.05000e+03 7.03855e-01
7.07000e+03 6.96269e-01
7.09000e+03 6.91403e-01
7.11000e+03 6.85221e-01
7.13000e+03 6.80899e-01
7.15000e+03 6.78581e-01
7.17000e+03 6.76522e-01
7.19000e+03 6.71197e-01
7.21000e+03 6.72783e-01
7.23000e+03 6.73478e-01
7.25000e+03 6.72513e-01
7.27000e+03 6.70107e-01
7.29000e+03 6.64507e-01
7.31000e+03 6.66319e-01
7.33000e+03 6.65685e-01
7.35000e+03 6.65445e-01
7.37000e+03 6.66296e-01
7.39000e+03 6.60297e-01
7.41000e+03 6.56551e-01
7.43000e+03 6.58129e-01
7.45000e+03 6.56982e-01
7.47000e+03 6.56756e-01
7.49000e+03 6.54991e-01
7.51000e+03 6.54751e-01
7.53000e+03 6.55812e-01
7.55000e+03 6.55470e-01
7.57000e+03 6.52184e-01
7.59000e+03 6.45382e-01
7.61000e+03 6.39399e-01
7.63000e+03 6.33457e-01
7.65000e+03 6.26627e-01
7.67000e+03 6.17664e-01
7.69000e+03 6.17677e-01
7.71000e+03 6.13214e-01
7.73000e+03 6.10738e-01
7.75000e+03 6.07139e-01
7.77000e+03 6.05364e-01
7.79000e+03 6.05718e-01
7.81000e+03 6.03219e-01
7.83000e+03 5.99279e-01
7.85000e+03 5.95121e-01
7.87000e+03 5.93120e-01
7.89000e+03 5.88131e-01
7.91000e+03 5.81727e-01
7.93000e+03 5.78598e-01
7.95000e+03 5.75580e-01
7.97000e+03 5.77996e-01
7.99000e+03 5.75708e-01
8.01000e+03 5.74525e-01
8.03000e+03 5.73059e-01
8.05000e+03 5.70847e-01
8.07000e+03 5.70235e-01
8.09000e+03 5.66710e-01
8.11000e+03 5.66584e-01
8.13000e+03 5.69552e-01
8.15000e+03 5.70594e-01
8.17000e+03 5.69986e-01
8.19000e+03 5.62187e-01
8.21000e+03 5.51920e-01
8.23000e+03 5.48325e-01
8.25000e+03 5.47038e-01
8.27000e+03 5.46243e-01
8.29000e+03 5.41857e-01
8.31000e+03 5.34287e-01
8.33000e+03 5.29973e-01
8.35000e+03 5.27774e-01
8.37000e+03 5.25619e-01
8.39000e+03 5.20008e-01
8.41000e+03 5.20213e-01
8.43000e+03 5.13606e-01
8.45000e+03 5.07449e-01
8.47000e+03 5.03835e-01
8.49000e+03 5.05837e-01
8.51000e+03 4.94879e-01
8.53000e+03 5.01858e-01
8.55000e+03 4.86172e-01
8.57000e+03 5.05874e-01
8.59000e+03 4.95770e-01
8.61000e+03 4.94608e-01
8.63000e+03 5.08986e-01
8.65000e+03 4.99412e-01
8.67000e+03 4.72420e-01
8.69000e+03 4.97159e-01
8.71000e+03 5.08938e-01
8.73000e+03 4.99862e-01
8.75000e+03 4.75953e-01
8.77000e+03 4.94503e-01
8.79000e+03 5.09068e-01
8.81000e+03 5.08343e-01
8.83000e+03 5.02481e-01
8.85000e+03 4.81764e-01
8.87000e+03 4.59284e-01
8.89000e+03 4.81594e-01
8.91000e+03 4.91748e-01
8.93000e+03 4.90552e-01
8.95000e+03 4.89707e-01
8.97000e+03 4.86159e-01
8.99000e+03 4.74169e-01
9.01000e+03 4.46901e-01
9.03000e+03 4.60284e-01
9.05000e+03 4.82174e-01
9.07000e+03 4.86558e-01
9.09000e+03 4.85552e-01
9.11000e+03 4.88339e-01
9.13000e+03 4.90126e-01
9.15000e+03 4.87858e-01
9.17000e+03 4.84928e-01
9.19000e+03 4.79978e-01
9.21000e+03 4.59113e-01
9.23000e+03 4.29614e-01
9.25000e+03 4.46564e-01
9.27000e+03 4.59204e-01
9.29000e+03 4.61584e-01
9.31000e+03 4.61752e-01
9.33000e+03 4.61420e-01
9.35000e+03 4.58925e-01
9.37000e+03 4.56153e-01
9.39000e+03 4.56129e-01
9.41000e+03 4.52435e-01
9.43000e+03 4.54991e-01
9.45000e+03 4.53271e-01
9.47000e+03 4.54225e-01
9.49000e+03 4.51630e-01
9.51000e+03 4.42367e-01
9.53000e+03 4.28751e-01
9.55000e+03 4.08570e-01
9.57000e+03 4.29021e-01
9.59000e+03 4.40669e-01
9.61000e+03 4.40779e-01
9.63000e+03 4.40226e-01
9.65000e+03 4.38460e-01
9.67000e+03 4.37171e-01
9.69000e+03 4.37160e-01
9.71000e+03 4.33143e-01
9.73000e+03 4.29455e-01
9.75000e+03 4.27266e-01
9.77000e+03 4.26308e-01
9.79000e+03 4.24551e-01
9.81000e+03 4.25288e-01
9.83000e+03 4.23231e-01
9.85000e+03 4.21728e-01
9.87000e+03 4.19521e-01
9.89000e+03 4.17666e-01
9.91000e+03 4.16218e-01
9.93000e+03 4.15996e-01
9.95000e+03 4.15320e-01
9.97000e+03 4.13790e-01
9.99000e+03 4.09950e-01
1.00250e+04 3.99627e-01
1.00750e+04 3.93272e-01
1.01250e+04 4.02480e-01
1.01750e+04 4.02427e-01
1.02250e+04 4.01121e-01
1.02750e+04 3.99140e-01
1.03250e+04 3.95069e-01
1.03750e+04 3.91610e-01
1.04250e+04 3.88732e-01
1.04750e+04 3.82835e-01
1.05250e+04 3.76742e-01
1.05750e+04 3.70170e-01
1.06250e+04 3.65036e-01
1.06750e+04 3.61942e-01
1.07250e+04 3.61520e-01
1.07750e+04 3.58543e-01
1.08250e+04 3.53925e-01
1.08750e+04 3.47852e-01
1.09250e+04 3.34257e-01
1.09750e+04 3.37114e-01
1.10250e+04 3.39019e-01
1.10750e+04 3.35448e-01
1.11250e+04 3.33341e-01
1.11750e+04 3.31058e-01
1.12250e+04 3.29211e-01
1.12750e+04 3.26079e-01
1.13250e+04 3.24037e-01
1.13750e+04 3.22201e-01
1.14250e+04 3.19766e-01
1.14750e+04 3.19208e-01
1.15250e+04 3.17385e-01
1.15750e+04 3.14595e-01
1.16250e+04 3.11103e-01
1.16750e+04 3.09407e-01
1.17250e+04 3.08118e-01
1.17750e+04 3.03863e-01
1.18250e+04 3.00620e-01
1.18750e+04 2.97458e-01
1.19250e+04 2.97237e-01
1.19750e+04 2.93841e-01
1.20250e+04 2.94243e-01
1.20750e+04 2.92937e-01
1.21250e+04 2.92000e-01
1.21750e+04 2.91157e-01
1.22250e+04 2.89468e-01
1.22750e+04 2.87544e-01
1.23250e+04 2.85728e-01
1.23750e+04 2.84062e-01
1.24250e+04 2.81464e-01
1.24750e+04 2.79477e-01
1.25250e+04 2.77521e-01
1.25750e+04 2.75666e-01
1.26250e+04 2.73942e-01
1.26750e+04 2.72191e-01
1.27250e+04 2.70370e-01
1.27750e+04 2.65639e-01
1.28250e+04 2.55878e-01
1.28750e+04 2.62489e-01
1.29250e+04 2.63453e-01
1.29750e+04 2.62949e-01
1.30250e+04 2.61011e-01
1.30750e+04 2.59232e-01
1.31250e+04 2.55817e-01
1.31750e+04 2.53243e-01
1.32250e+04 2.51132e-01
1.32750e+04 2.47893e-01
1.33250e+04 2.45754e-01
1.33750e+04 2.43219e-01
1.34250e+04 2.41350e-01
1.34750e+04 2.38813e-01
1.35250e+04 2.36092e-01
1.35750e+04 2.32941e-01
1.36250e+04 2.30972e-01
1.36750e+04 2.29877e-01
1.37250e+04 2.28712e-01
1.37750e+04 2.27462e-01
1.38250e+04 2.26058e-01
1.38750e+04 2.23196e-01
1.39250e+04 2.16583e-01
1.39750e+04 2.13622e-01
1.40250e+04 2.11606e-01
1.40750e+04 2.10565e-01
1.41250e+04 2.08670e-01
1.41750e+04 2.07752e-01
1.42250e+04 2.05616e-01
1.42750e+04 2.03649e-01
1.43250e+04 2.03453e-01
1.43750e+04 2.02543e-01
1.44250e+04 1.99800e-01
1.44750e+04 1.99759e-01
1.45250e+04 1.98190e-01
1.45700e+04 1.97360e-01
1.46200e+04 1.94256e-01
1.46750e+04 1.92315e-01
1.47250e+04 1.90708e-01
1.47750e+04 1.90012e-01
1.48250e+04 1.89421e-01
1.48750e+04 1.88258e-01
1.49250e+04 1.88726e-01
1.49750e+04 1.87504e-01
1.50250e+04 1.85922e-01
1.50750e+04 1.85130e-01
1.51250e+04 1.85550e-01
1.51750e+04 1.85235e-01
1.52250e+04 1.84595e-01
1.52750e+04 1.83961e-01
1.53250e+04 1.83012e-01
1.53750e+04 1.81800e-01
1.54250e+04 1.79776e-01
1.54750e+04 1.79570e-01
1.55250e+04 1.78067e-01
1.55750e+04 1.74549e-01
1.56250e+04 1.74579e-01
1.56750e+04 1.73527e-01
1.57250e+04 1.73309e-01
1.57750e+04 1.70427e-01
1.58250e+04 1.68229e-01
1.58750e+04 1.66185e-01
1.59250e+04 1.69370e-01
1.59750e+04 1.68898e-01
1.60500e+04 1.67437e-01
1.61500e+04 1.66578e-01
1.62500e+04 1.65216e-01
1.63500e+04 1.64925e-01
1.64500e+04 1.61052e-01
1.65500e+04 1.63000e-01
1.66500e+04 1.61509e-01
1.67500e+04 1.59108e-01
1.68500e+04 1.56692e-01
1.69500e+04 1.57372e-01
1.70500e+04 1.55852e-01
1.71500e+04 1.53360e-01
1.72500e+04 1.49900e-01
1.73500e+04 1.44491e-01
1.74500e+04 1.43281e-01
1.75500e+04 1.41005e-01
1.76500e+04 1.37473e-01
1.77500e+04 1.33791e-01
1.78500e+04 1.30418e-01
1.79500e+04 1.26831e-01
1.80500e+04 1.23153e-01
1.81500e+04 1.18927e-01
1.82500e+04 1.18292e-01
1.83500e+04 1.17286e-01
1.84500e+04 1.14939e-01
1.85500e+04 1.12581e-01
1.86500e+04 1.09245e-01
1.87500e+04 1.05394e-01
1.88500e+04 1.05755e-01
1.89500e+04 1.04166e-01
1.90500e+04 1.03454e-01
1.91500e+04 1.02045e-01
1.92500e+04 1.00491e-01
1.93500e+04 9.80942e-02
1.94500e+04 9.47202e-02
1.95500e+04 9.45041e-02
1.96500e+04 9.30383e-02
1.97500e+04 9.10513e-02
1.98500e+04 8.94968e-02
1.99500e+04 8.81821e-02
2.00500e+04 8.70202e-02
2.01500e+04 8.57285e-02
2.02500e+04 8.42709e-02
2.03500e+04 8.32291e-02
2.04500e+04 8.24902e-02
2.05500e+04 8.14361e-02
2.06500e+04 8.04363e-02
2.07500e+04 7.95687e-02
2.08500e+04 7.85960e-02
2.09500e+04 7.75858e-02
2.10500e+04 7.68748e-02
2.11500e+04 7.57951e-02
2.12500e+04 7.48556e-02
2.13500e+04 7.41079e-02
2.14500e+04 7.31212e-02
2.15500e+04 7.17679e-02
2.16500e+04 6.96588e-02
2.17500e+04 6.95212e-02
2.18500e+04 6.89977e-02
2.19500e+04 6.81602e-02
2.20500e+04 6.71029e-02
2.21500e+04 6.63440e-02
2.22500e+04 6.52978e-02
2.23500e+04 6.43823e-02
2.24500e+04 6.35365e-02
2.25500e+04 6.26250e-02
2.26500e+04 6.16783e-02
2.27500e+04 6.09411e-02
2.28500e+04 5.93847e-02
2.29500e+04 5.56224e-02
2.30500e+04 5.57945e-02
2.31500e+04 5.49974e-02
2.32500e+04 5.19214e-02
2.33500e+04 5.21607e-02
2.34500e+04 5.08707e-02
2.35500e+04 4.87634e-02
2.36500e+04 4.91566e-02
2.37500e+04 4.80213e-02
2.38500e+04 4.62202e-02
2.39500e+04 4.63272e-02
2.40500e+04 4.54455e-02
2.41500e+04 4.37343e-02
2.42500e+04 4.34866e-02
2.43500e+04 4.25342e-02
2.44500e+04 4.11606e-02
2.45500e+04 4.03324e-02
2.46500e+04 3.98138e-02
2.47500e+04 3.86693e-02
2.48500e+04 3.71489e-02
2.49500e+04 3.64606e-02
2.50500e+04 3.62995e-02
2.51500e+04 3.52903e-02
2.52500e+04 3.49814e-02
2.53500e+04 3.47946e-02
2.54500e+04 3.43412e-02
2.55500e+04 3.39998e-02
2.56500e+04 3.36915e-02
2.57500e+04 3.37174e-02
2.58500e+04 3.32351e-02
2.59500e+04 3.30604e-02
2.60500e+04 3.27724e-02
2.61500e+04 3.20907e-02
2.62500e+04 3.14610e-02
2.63500e+04 3.17308e-02
2.64500e+04 3.16013e-02
2.65500e+04 3.12557e-02
2.66500e+04 3.07384e-02
2.67500e+04 3.04566e-02
2.68500e+04 3.03690e-02
2.69500e+04 3.00139e-02
2.70500e+04 2.98347e-02
2.71500e+04 2.95651e-02
2.72500e+04 2.93335e-02
2.73500e+04 2.89285e-02
2.74500e+04 2.86263e-02
2.75500e+04 2.81408e-02
2.76500e+04 2.79436e-02
2.77500e+04 2.77531e-02
2.78500e+04 2.76100e-02
2.79500e+04 2.73945e-02
2.80500e+04 2.70883e-02
2.81500e+04 2.67945e-02
2.82500e+04 2.65897e-02
2.83500e+04 2.63515e-02
2.84500e+04 2.60839e-02
2.85500e+04 2.57686e-02
2.86500e+04 2.53750e-02
2.87500e+04 2.48768e-02
2.88500e+04 2.48383e-02
2.89500e+04 2.46738e-02
2.90500e+04 2.44492e-02
2.91500e+04 2.41786e-02
2.92500e+04 2.38613e-02
2.93500e+04 2.36759e-02
2.94500e+04 2.33858e-02
2.95500e+04 2.31549e-02
2.96500e+04 2.29439e-02
2.97500e+04 2.26809e-02
2.98500e+04 2.24321e-02
2.99500e+04 2.22093e-02
3.00500e+04 2.19711e-02
3.01500e+04 2.17753e-02
3.02500e+04 2.14762e-02
3.03500e+04 2.10565e-02
3.04500e+04 2.10070e-02
3.05500e+04 2.09215e-02
3.06500e+04 2.07704e-02
3.07500e+04 2.06107e-02
3.08500e+04 2.04228e-02
3.09500e+04 2.02853e-02
3.10500e+04 2.01275e-02
3.11500e+04 1.98919e-02
3.12500e+04 1.97461e-02
3.13500e+04 1.95673e-02
3.14500e+04 1.94030e-02
3.15500e+04 1.92352e-02
3.16500e+04 1.90489e-02
3.17500e+04 1.88844e-02
3.18500e+04 1.87292e-02
3.19500e+04 1.85790e-02
3.21000e+04 1.83424e-02
3.23000e+04 1.80398e-02
3.25000e+04 1.77436e-02
3.27000e+04 1.73851e-02
3.29000e+04 1.69361e-02
3.31000e+04 1.67377e-02
3.33000e+04 1.65104e-02
3.35000e+04 1.62341e-02
3.37000e+04 1.59305e-02
3.39000e+04 1.56423e-02
3.41000e+04 1.53512e-02
3.43000e+04 1.50804e-02
3.45000e+04 1.48046e-02
3.47000e+04 1.45272e-02
3.49000e+04 1.42600e-02
3.51000e+04 1.40005e-02
3.53000e+04 1.37264e-02
3.55000e+04 1.34726e-02
3.57000e+04 1.32155e-02
3.59000e+04 1.29702e-02
3.61000e+04 1.27494e-02
3.63000e+04 1.25035e-02
3.65000e+04 1.22561e-02
3.67000e+04 1.20260e-02
3.69000e+04 1.17782e-02
3.71000e+04 1.15560e-02
3.73000e+04 1.13042e-02
3.75000e+04 1.10460e-02
3.77000e+04 1.09051e-02
3.79000e+04 1.07050e-02
3.81000e+04 1.05104e-02
3.83000e+04 1.03210e-02
3.85000e+04 1.01378e-02
3.87000e+04 9.93470e-03
3.89000e+04 9.74063e-03
3.91000e+04 9.53951e-03
3.93000e+04 9.38268e-03
3.95000e+04 9.19126e-03
3.97000e+04 9.02316e-03
3.99000e+04 8.83794e-03
4.01000e+04 8.67353e-03
4.03000e+04 8.49965e-03
4.05000e+04 8.29212e-03
4.07000e+04 8.19517e-03
4.09000e+04 8.06181e-03
4.11000e+04 7.92464e-03
4.13000e+04 7.77846e-03
4.15000e+04 7.62132e-03
4.17000e+04 7.45783e-03
4.19000e+04 7.35854e-03
4.21000e+04 7.22813e-03
4.23000e+04 7.10964e-03
4.25000e+04 6.97977e-03
4.27000e+04 6.85149e-03
4.29000e+04 6.64622e-03
4.31000e+04 6.45627e-03
4.33000e+04 6.35863e-03
4.35000e+04 6.17687e-03
4.37000e+04 6.01986e-03
4.39000e+04 5.92003e-03
4.41000e+04 5.77231e-03
4.43000e+04 5.67455e-03
4.45000e+04 5.57064e-03
4.47000e+04 5.45099e-03
4.49000e+04 5.37905e-03
4.51000e+04 5.27368e-03
4.53000e+04 5.16561e-03
4.55000e+04 5.10569e-03
4.57000e+04 5.03178e-03
4.59000e+04 4.91890e-03
4.61000e+04 4.86305e-03
4.63000e+04 4.77565e-03
4.65000e+04 4.66328e-03
4.67000e+04 4.61557e-03
4.69000e+04 4.56792e-03
4.71000e+04 4.49906e-03
4.73000e+04 4.45002e-03
4.75000e+04 4.37565e-03
4.77000e+04 4.31444e-03
4.79000e+04 4.25089e-03
4.81000e+04 4.18036e-03
4.83000e+04 4.13434e-03
4.85000e+04 4.06722e-03
4.87000e+04 3.99975e-03
4.89000e+04 3.94095e-03
4.91000e+04 3.88383e-03
4.93000e+04 3.82713e-03
4.95000e+04 3.76793e-03
4.97000e+04 3.71962e-03
4.99000e+04 3.65791e-03
5.01000e+04 3.61041e-03
5.03000e+04 3.55865e-03
5.05000e+04 3.50030e-03
5.07000e+04 3.45446e-03
5.09000e+04 3.40518e-03
5.11000e+04 3.34661e-03
5.13000e+04 3.28713e-03
5.15000e+04 3.25786e-03
5.17000e+04 3.22682e-03
5.19000e+04 3.17923e-03
5.21000e+04 3.13420e-03
5.23000e+04 3.08754e-03
5.25000e+04 3.05002e-03
5.27000e+04 3.01468e-03
5.29000e+04 2.96235e-03
5.31000e+04 2.91958e-03
5.33000e+04 2.88336e-03
5.35000e+04 2.84414e-03
5.37000e+04 2.80621e-03
5.39000e+04 2.76922e-03
5.41000e+04 2.73143e-03
5.43000e+04 2.69137e-03
5.45000e+04 2.66098e-03
5.47000e+04 2.62357e-03
5.49000e+04 2.59031e-03
5.51000e+04 2.55710e-03
5.53000e+04 2.53286e-03
5.55000e+04 2.49150e-03
5.57000e+04 2.46479e-03
5.59000e+04 2.43043e-03
5.61000e+04 2.40137e-03
5.63000e+04 2.36681e-03
5.65000e+04 2.34082e-03
5.67000e+04 2.31031e-03
5.69000e+04 2.27708e-03
5.71000e+04 2.25329e-03
5.73000e+04 2.22533e-03
5.75000e+04 2.19683e-03
5.77000e+04 2.16844e-03
5.79000e+04 2.14398e-03
5.81000e+04 2.11511e-03
5.83000e+04 2.08920e-03
5.85000e+04 2.06349e-03
5.87000e+04 2.03455e-03
5.89000e+04 2.00515e-03
5.91000e+04 1.97097e-03
5.93000e+04 1.95869e-03
5.95000e+04 1.93705e-03
5.97000e+04 1.91579e-03
5.99000e+04 1.89261e-03
6.01000e+04 1.86945e-03
6.03000e+04 1.84622e-03
6.05000e+04 1.82209e-03
6.07000e+04 1.79996e-03
6.09000e+04 1.77780e-03
6.11000e+04 1.75557e-03
6.13000e+04 1.73577e-03
6.15000e+04 1.71584e-03
6.17000e+04 1.69648e-03
6.19000e+04 1.67613e-03
6.21000e+04 1.65650e-03
6.23000e+04 1.63542e-03
6.25000e+04 1.61485e-03
6.27000e+04 1.59585e-03
6.29000e+04 1.57739e-03
6.31000e+04 1.55866e-03
6.33000e+04 1.54177e-03
6.35000e+04 1.52326e-03
6.37000e+04 1.50651e-03
6.39000e+04 1.48697e-03
6.42000e+04 1.46122e-03
6.46000e+04 1.42816e-03
6.50000e+04 1.39550e-03
6.54000e+04 1.36356e-03
6.58000e+04 1.33298e-03
6.62000e+04 1.30263e-03
6.66000e+04 1.27346e-03
6.70000e+04 1.24512e-03
6.74000e+04 1.21709e-03
6.78000e+04 1.19006e-03
6.82000e+04 1.16378e-03
6.86000e+04 1.13849e-03
6.90000e+04 1.11341e-03
6.94000e+04 1.08919e-03
6.98000e+04 1.06573e-03
7.02000e+04 1.04263e-03
7.06000e+04 1.02049e-03
7.10000e+04 9.98697e-04
7.14000e+04 9.77572e-04
7.18000e+04 9.56790e-04
7.22000e+04 9.36709e-04
7.26000e+04 9.16977e-04
7.30000e+04 8.97962e-04
7.34000e+04 8.79305e-04
7.38000e+04 8.61157e-04
7.42000e+04 8.42310e-04
7.46000e+04 8.21240e-04
7.50000e+04 8.04639e-04
7.54000e+04 7.91887e-04
7.58000e+04 7.76987e-04
7.62000e+04 7.61519e-04
7.66000e+04 7.46341e-04
7.70000e+04 7.31447e-04
7.74000e+04 7.16996e-04
7.78000e+04 7.02937e-04
7.82000e+04 6.89140e-04
7.86000e+04 6.75726e-04
7.90000e+04 6.62604e-04
7.94000e+04 6.49804e-04
7.98000e+04 6.37292e-04
8.02000e+04 6.24937e-04
8.06000e+04 6.12975e-04
8.10000e+04 6.01372e-04
8.14000e+04 5.89959e-04
8.18000e+04 5.78921e-04
8.22000e+04 5.68055e-04
8.26000e+04 5.57469e-04
8.30000e+04 5.47093e-04
8.34000e+04 5.36940e-04
8.38000e+04 5.27043e-04
8.42000e+04 5.17462e-04
8.46000e+04 5.08008e-04
8.50000e+04 4.98767e-04
8.54000e+04 4.89752e-04
8.58000e+04 4.80967e-04
8.62000e+04 4.72369e-04
8.66000e+04 4.63942e-04
8.70000e+04 4.55682e-04
8.74000e+04 4.47654e-04
8.78000e+04 4.39791e-04
8.82000e+04 4.32017e-04
8.86000e+04 4.24468e-04
8.90000e+04 4.17112e-04
8.94000e+04 4.09909e-04
8.98000e+04 4.02802e-04
9.02000e+04 3.95949e-04
9.06000e+04 3.89236e-04
9.10000e+04 3.82483e-04
9.14000e+04 3.76027e-04
9.18000e+04 3.69745e-04
9.22000e+04 3.63569e-04
9.26000e+04 3.57512e-04
9.30000e+04 3.51588e-04
9.34000e+04 3.45728e-04
9.38000e+04 3.40026e-04
9.42000e+04 3.34447e-04
9.46000e+04 3.28963e-04
9.50000e+04 3.23653e-04
9.54000e+04 3.18448e-04
9.58000e+04 3.13354e-04
9.62000e+04 3.08352e-04
9.66000e+04 3.03454e-04
9.70000e+04 2.98640e-04
9.74000e+04 2.93860e-04
9.78000e+04 2.89274e-04
9.82000e+04 2.84797e-04
9.86000e+04 2.80358e-04
9.90000e+04 2.75998e-04
9.94000e+04 2.71711e-04
9.98000e+04 2.67523e-04
1.00200e+05 2.15573e-04
2.00000e+05 1.97375e-05
4.00000e+05 1.55842e-06
6.00000e+05 2.96515e-07
8.00000e+05 1.04722e-07
1.00000e+06 5.01220e-08
1.20000e+06 2.88836e-08
1.40000e+06 1.87178e-08
1.60000e+06 1.33725e-08
