9.10000e+01 1.28950e-03
9.40000e+01 1.27195e-03
9.60000e+01 1.28469e-03
9.80000e+01 1.28951e-03
1.00000e+02 1.29505e-03
1.02000e+02 1.30123e-03
1.04000e+02 1.30804e-03
1.06000e+02 1.31547e-03
1.08000e+02 1.32356e-03
1.10000e+02 1.34682e-03
1.14000e+02 1.35184e-03
1.18000e+02 1.36800e-03
1.21000e+02 1.40117e-03
1.25000e+02 1.40449e-03
1.27000e+02 1.42417e-03
1.28000e+02 1.45255e-03
1.31000e+02 1.44314e-03
1.32000e+02 1.47179e-03
1.34000e+02 1.49025e-03
1.37000e+02 1.51604e-03
1.40000e+02 1.55096e-03
1.43000e+02 1.59544e-03
1.47000e+02 1.63598e-03
1.51000e+02 1.68605e-03
1.55000e+02 1.73764e-03
1.59000e+02 1.78203e-03
1.62000e+02 1.84693e-03
1.66000e+02 1.90568e-03
1.70000e+02 1.96654e-03
1.73000e+02 2.04262e-03
1.77000e+02 2.09713e-03
1.80000e+02 2.15518e-03
1.82000e+02 2.22916e-03
1.86000e+02 2.30059e-03
1.91000e+02 2.36811e-03
1.94000e+02 2.46215e-03
1.98000e+02 2.53313e-03
2.02000e+02 2.60584e-03
2.05000e+02 2.70762e-03
2.10000e+02 2.80909e-03
2.16000e+02 2.91131e-03
2.20000e+02 3.01926e-03
2.23000e+02 3.12019e-03
2.27000e+02 9.39740e-03
2.30000e+02 5.36845e-02
2.34000e+02 5.82070e-02
2.40000e+02 5.59832e-02
2.46000e+02 5.39790e-02
2.52000e+02 5.21177e-02
2.57000e+02 5.06685e-02
2.60000e+02 4.98293e-02
2.64000e+02 4.87804e-02
2.69000e+02 4.72928e-02
2.74000e+02 4.58293e-02
2.79000e+02 4.42949e-02
2.84000e+02 4.31997e-02
2.90000e+02 4.17823e-02
2.96000e+02 4.02378e-02
3.01000e+02 3.90286e-02
3.08000e+02 3.75892e-02
3.18000e+02 3.54682e-02
3.28000e+02 3.34059e-02
3.38000e+02 3.14115e-02
3.48000e+02 2.96552e-02
3.57000e+02 2.86709e-02
3.66000e+02 2.80713e-02
3.75000e+02 2.68412e-02
3.85000e+02 2.52888e-02
3.95000e+02 2.48542e-02
4.05000e+02 2.43441e-02
4.14000e+02 2.33697e-02
4.22000e+02 2.22625e-02
4.30000e+02 2.13979e-02
4.41000e+02 2.07375e-02
4.51000e+02 1.99229e-02
4.60000e+02 1.88678e-02
4.70000e+02 1.81233e-02
4.80000e+02 1.76069e-02
4.90000e+02 1.66818e-02
5.00000e+02 1.64026e-02
5.06000e+02 1.59907e-02
5.12000e+02 1.67470e-02
5.20000e+02 1.62045e-02
5.30000e+02 1.52737e-02
5.40000e+02 1.41519e-02
5.50000e+02 1.35943e-02
5.60000e+02 1.38501e-02
5.70000e+02 1.38115e-02
5.80000e+02 1.33612e-02
5.90000e+02 1.28856e-02
6.00000e+02 1.20096e-02
6.10000e+02 1.15414e-02
6.20000e+02 1.17435e-02
6.30000e+02 1.13467e-02
6.40000e+02 1.12539e-02
6.50000e+02 1.08253e-02
6.58000e+02 1.03845e-02
6.65000e+02 1.04944e-02
6.75000e+02 1.03019e-02
6.85000e+02 9.71292e-03
6.95000e+02 9.65340e-03
7.05000e+02 9.04954e-03
7.16000e+02 9.26686e-03
7.26000e+02 9.16130e-03
7.35000e+02 8.95565e-03
7.45000e+02 8.63887e-03
7.55000e+02 8.34289e-03
7.65000e+02 7.92055e-03
7.75000e+02 7.90358e-03
7.85000e+02 7.57158e-03
7.95000e+02 7.54596e-03
8.05000e+02 7.47686e-03
8.15000e+02 7.34385e-03
8.25000e+02 7.13984e-03
8.35000e+02 6.56344e-03
8.45000e+02 6.76117e-03
8.55000e+02 6.67825e-03
8.65000e+02 6.63829e-03
8.75000e+02 6.55759e-03
8.85000e+02 6.46095e-03
8.95000e+02 6.36817e-03
9.05000e+02 7.32802e-03
9.15000e+02 1.46255e-02
9.25000e+02 2.25789e-02
9.35000e+02 3.02722e-02
9.45000e+02 3.68983e-02
9.55000e+02 4.11017e-02
9.65000e+02 4.04393e-02
9.75000e+02 2.63184e-02
9.85000e+02 3.33469e-02
9.95000e+02 3.50599e-02
1.00500e+03 3.97350e-02
1.01500e+03 3.97878e-02
1.02500e+03 3.30286e-02
1.03500e+03 3.73771e-02
1.04500e+03 4.56306e-02
1.05500e+03 4.48890e-02
1.06500e+03 4.02514e-02
1.07500e+03 4.10189e-02
1.08500e+03 3.85266e-02
1.09500e+03 4.16286e-02
1.10500e+03 4.07229e-02
1.11500e+03 3.91855e-02
1.12500e+03 3.66121e-02
1.13500e+03 3.98471e-02
1.14500e+03 3.90978e-02
1.15500e+03 3.88307e-02
1.16500e+03 3.70991e-02
1.17500e+03 3.06267e-02
1.18500e+03 3.51474e-02
1.19500e+03 3.24656e-02
1.20500e+03 2.88929e-02
1.20872e+03 2.68871e-02
1.20880e+03 2.68756e-02
1.20887e+03 2.68982e-02
1.20894e+03 2.69282e-02
1.20902e+03 2.69662e-02
1.20909e+03 2.70136e-02
1.20916e+03 2.70711e-02
1.20923e+03 2.71394e-02
1.20931e+03 2.72200e-02
1.20938e+03 2.73141e-02
1.20945e+03 2.74229e-02
1.20953e+03 2.75477e-02
1.20960e+03 2.76904e-02
1.20967e+03 2.78526e-02
1.20975e+03 2.80355e-02
1.20982e+03 2.82417e-02
1.20989e+03 2.84729e-02
1.20996e+03 2.87314e-02
1.21004e+03 2.90191e-02
1.21011e+03 2.93390e-02
1.21018e+03 2.96932e-02
1.21026e+03 3.00842e-02
1.21033e+03 3.05154e-02
1.21040e+03 3.09898e-02
1.21047e+03 3.15098e-02
1.21055e+03 3.20793e-02
1.21062e+03 3.27017e-02
1.21069e+03 3.33800e-02
1.21077e+03 3.41185e-02
1.21084e+03 3.49205e-02
1.21091e+03 3.57899e-02
1.21099e+03 3.67308e-02
1.21106e+03 3.77480e-02
1.21113e+03 3.88442e-02
1.21120e+03 4.00240e-02
1.21128e+03 4.12920e-02
1.21135e+03 4.26523e-02
1.21142e+03 4.41086e-02
1.21150e+03 4.56658e-02
1.21157e+03 4.73281e-02
1.21164e+03 4.90986e-02
1.21172e+03 5.09822e-02
1.21179e+03 5.29828e-02
1.21186e+03 5.51026e-02
1.21193e+03 5.73471e-02
1.21201e+03 5.97191e-02
1.21208e+03 6.22203e-02
1.21215e+03 6.48528e-02
1.21223e+03 6.76208e-02
1.21230e+03 7.05259e-02
1.21237e+03 7.35677e-02
1.21244e+03 7.67498e-02
1.21252e+03 8.00714e-02
1.21259e+03 8.35314e-02
1.21266e+03 8.71321e-02
1.21274e+03 9.08701e-02
1.21281e+03 9.47433e-02
1.21288e+03 9.87518e-02
1.21296e+03 1.02893e-01
1.21303e+03 1.07160e-01
1.21310e+03 1.11547e-01
1.21317e+03 1.16052e-01
1.21325e+03 1.20670e-01
1.21332e+03 1.25390e-01
1.21339e+03 1.30208e-01
1.21347e+03 1.35117e-01
1.21354e+03 1.40102e-01
1.21361e+03 1.45159e-01
1.21369e+03 1.50279e-01
1.21376e+03 1.55446e-01
1.21383e+03 1.60647e-01
1.21390e+03 1.65876e-01
1.21398e+03 1.71115e-01
1.21405e+03 1.76349e-01
1.21412e+03 1.81573e-01
1.21420e+03 1.86764e-01
1.21427e+03 1.91908e-01
1.21434e+03 1.96995e-01
1.21441e+03 2.02008e-01
1.21449e+03 2.06925e-01
1.21456e+03 2.11741e-01
1.21463e+03 2.16436e-01
1.21471e+03 2.20990e-01
1.21478e+03 2.25390e-01
1.21485e+03 2.29626e-01
1.21493e+03 2.33697e-01
1.21500e+03 2.37583e-01
1.21507e+03 2.41296e-01
1.21514e+03 2.44799e-01
1.21522e+03 2.48085e-01
1.21529e+03 2.51123e-01
1.21536e+03 2.53902e-01
1.21544e+03 2.56411e-01
1.21551e+03 2.58642e-01
1.21558e+03 2.60587e-01
1.21566e+03 2.62236e-01
1.21573e+03 2.63586e-01
1.21580e+03 2.64631e-01
1.21587e+03 2.65368e-01
1.21595e+03 2.65791e-01
1.21602e+03 2.65903e-01
1.21609e+03 2.65703e-01
1.21617e+03 2.65188e-01
1.21624e+03 2.64365e-01
1.21631e+03 2.63237e-01
1.21638e+03 2.61806e-01
1.21646e+03 2.60078e-01
1.21653e+03 2.58061e-01
1.21660e+03 2.55765e-01
1.21668e+03 2.53194e-01
1.21675e+03 2.50363e-01
1.21682e+03 2.47279e-01
1.21690e+03 2.43956e-01
1.21697e+03 2.40406e-01
1.21704e+03 2.36640e-01
1.21711e+03 2.32674e-01
1.21719e+03 2.28521e-01
1.21726e+03 2.24195e-01
1.21733e+03 2.19715e-01
1.21741e+03 2.15089e-01
1.21748e+03 2.10335e-01
1.21755e+03 2.05472e-01
1.21763e+03 2.00515e-01
1.21770e+03 1.95479e-01
1.21777e+03 1.90377e-01
1.21784e+03 1.85227e-01
1.21792e+03 1.80038e-01
1.21799e+03 1.74832e-01
1.21806e+03 1.69621e-01
1.21814e+03 1.64416e-01
1.21821e+03 1.59231e-01
1.21828e+03 1.54082e-01
1.21835e+03 1.48975e-01
1.21843e+03 1.43924e-01
1.21850e+03 1.38941e-01
1.21857e+03 1.34039e-01
1.21865e+03 1.29217e-01
1.21872e+03 1.24494e-01
1.21879e+03 1.19873e-01
1.21887e+03 1.15359e-01
1.21894e+03 1.10963e-01
1.21901e+03 1.06688e-01
1.21908e+03 1.02537e-01
1.21916e+03 9.85135e-02
1.21923e+03 9.46271e-02
1.21930e+03 9.08749e-02
1.21938e+03 8.72597e-02
1.21945e+03 8.37834e-02
1.21952e+03 8.04480e-02
1.21960e+03 7.72505e-02
1.21967e+03 7.41927e-02
1.21974e+03 7.12746e-02
1.21981e+03 6.84923e-02
1.21989e+03 6.58449e-02
1.21996e+03 6.33320e-02
1.22003e+03 6.09489e-02
1.22011e+03 5.86921e-02
1.22018e+03 5.65613e-02
1.22025e+03 5.45525e-02
1.22032e+03 5.26606e-02
1.22040e+03 5.08823e-02
1.22047e+03 4.92152e-02
1.22054e+03 4.76532e-02
1.22062e+03 4.61927e-02
1.22069e+03 4.48309e-02
1.22076e+03 4.35619e-02
1.22084e+03 4.23820e-02
1.22091e+03 4.12878e-02
1.22098e+03 4.02739e-02
1.22105e+03 3.93365e-02
1.22113e+03 3.84718e-02
1.22120e+03 3.76764e-02
1.22127e+03 3.69455e-02
1.22135e+03 3.62753e-02
1.22142e+03 3.56628e-02
1.22149e+03 3.51038e-02
1.22157e+03 3.45949e-02
1.22164e+03 3.41334e-02
1.22171e+03 3.37156e-02
1.22178e+03 3.33386e-02
1.22186e+03 3.29996e-02
1.22193e+03 3.26956e-02
1.22200e+03 3.24241e-02
1.22208e+03 3.21830e-02
1.22215e+03 3.19696e-02
1.22222e+03 3.17820e-02
1.22229e+03 3.16179e-02
1.22237e+03 3.14753e-02
1.22244e+03 3.13527e-02
1.22251e+03 3.12482e-02
1.22259e+03 3.11602e-02
1.22266e+03 3.10875e-02
1.22273e+03 3.10285e-02
1.22281e+03 3.09819e-02
1.22288e+03 3.09470e-02
1.22295e+03 3.09222e-02
1.22302e+03 3.09070e-02
1.22310e+03 3.08998e-02
1.22317e+03 3.09004e-02
1.22324e+03 3.13030e-02
1.22500e+03 3.37088e-02
1.23500e+03 3.75597e-02
1.24500e+03 3.93835e-02
1.25500e+03 3.92581e-02
1.26500e+03 3.90509e-02
1.27500e+03 4.20282e-02
1.28500e+03 4.27659e-02
1.29500e+03 3.97524e-02
1.30500e+03 4.02184e-02
1.31500e+03 4.37854e-02
1.32500e+03 4.34617e-02
1.33500e+03 4.23920e-02
1.34500e+03 4.48434e-02
1.35500e+03 4.48214e-02
1.36500e+03 4.34654e-02
1.37500e+03 4.38270e-02
1.38500e+03 4.34412e-02
1.39500e+03 3.89622e-02
1.40500e+03 3.90628e-02
1.41500e+03 4.34471e-02
1.42500e+03 4.44282e-02
1.43500e+03 4.55490e-02
1.44200e+03 4.66379e-02
1.44700e+03 4.71061e-02
1.45500e+03 4.66156e-02
1.46500e+03 4.58131e-02
1.47500e+03 4.63855e-02
1.48500e+03 4.72144e-02
1.49500e+03 4.74901e-02
1.50500e+03 4.66946e-02
1.51200e+03 4.52688e-02
1.51700e+03 4.60673e-02
1.52500e+03 4.55997e-02
1.53500e+03 4.30989e-02
1.54500e+03 4.21242e-02
1.55500e+03 4.22625e-02
1.56500e+03 4.42200e-02
1.57500e+03 4.61743e-02
1.58500e+03 4.74005e-02
1.59500e+03 4.78719e-02
1.60500e+03 4.73571e-02
1.61500e+03 4.71732e-02
1.62500e+03 4.68831e-02
1.63500e+03 4.78064e-02
1.64500e+03 4.79353e-02
1.65500e+03 4.76452e-02
1.66500e+03 4.85882e-02
1.67200e+03 4.71934e-02
1.67700e+03 5.00204e-02
1.68500e+03 5.04896e-02
1.69500e+03 4.93815e-02
1.70500e+03 4.86318e-02
1.71500e+03 4.78003e-02
1.72500e+03 4.77997e-02
1.73500e+03 4.90526e-02
1.74500e+03 4.90642e-02
1.75500e+03 4.97656e-02
1.76500e+03 4.84662e-02
1.77500e+03 4.87075e-02
1.78500e+03 4.94541e-02
1.79500e+03 5.07167e-02
1.80500e+03 5.09461e-02
1.81500e+03 4.97702e-02
1.82500e+03 4.96868e-02
1.83500e+03 4.90443e-02
1.84500e+03 4.71526e-02
1.85500e+03 4.75653e-02
1.86500e+03 4.87337e-02
1.87500e+03 4.95320e-02
1.88500e+03 4.84423e-02
1.89500e+03 4.82069e-02
1.90500e+03 4.88570e-02
1.91500e+03 4.84569e-02
1.92500e+03 4.75868e-02
1.93500e+03 4.74191e-02
1.94500e+03 4.95251e-02
1.95500e+03 4.92403e-02
1.96700e+03 5.09361e-02
1.97600e+03 5.12266e-02
1.98400e+03 5.08758e-02
1.99500e+03 5.04577e-02
2.00500e+03 5.04444e-02
2.01500e+03 5.03669e-02
2.02500e+03 4.99714e-02
2.03500e+03 5.08607e-02
2.04500e+03 5.15888e-02
2.05500e+03 4.90018e-02
2.06500e+03 4.96883e-02
2.07400e+03 5.31744e-02
2.07800e+03 5.89655e-02
2.08500e+03 6.17842e-02
2.09500e+03 6.03075e-02
2.10500e+03 5.98515e-02
2.11500e+03 6.14451e-02
2.12500e+03 6.00483e-02
2.13500e+03 5.89833e-02
2.14500e+03 6.24176e-02
2.15500e+03 6.28557e-02
2.16500e+03 6.04166e-02
2.17500e+03 6.08982e-02
2.18500e+03 6.45227e-02
2.19500e+03 6.57637e-02
2.20500e+03 6.43031e-02
2.21500e+03 6.02546e-02
2.22500e+03 6.27305e-02
2.23500e+03 6.86543e-02
2.24500e+03 6.72843e-02
2.25500e+03 6.18991e-02
2.26500e+03 6.06231e-02
2.27500e+03 6.33466e-02
2.28500e+03 6.84999e-02
2.29500e+03 6.58348e-02
2.30500e+03 6.88047e-02
2.31500e+03 6.55697e-02
2.32500e+03 5.95568e-02
2.33500e+03 5.82015e-02
2.34500e+03 5.53038e-02
2.35500e+03 6.22464e-02
2.36500e+03 5.67761e-02
2.37500e+03 5.81246e-02
2.38500e+03 5.30049e-02
2.39500e+03 5.51011e-02
2.40500e+03 5.58555e-02
2.41500e+03 5.94373e-02
2.42500e+03 6.90650e-02
2.43500e+03 7.12598e-02
2.44500e+03 7.61448e-02
2.45500e+03 7.78956e-02
2.46500e+03 7.41765e-02
2.47500e+03 6.94149e-02
2.48500e+03 6.20174e-02
2.49500e+03 6.42311e-02
2.50500e+03 7.26174e-02
2.51300e+03 6.05123e-02
2.51800e+03 5.57259e-02
2.52500e+03 5.73929e-02
2.53500e+03 6.38254e-02
2.54500e+03 6.84710e-02
2.55500e+03 8.18295e-02
2.56500e+03 7.76855e-02
2.57500e+03 8.31564e-02
2.58500e+03 8.06881e-02
2.59500e+03 7.69117e-02
2.60500e+03 7.26436e-02
2.61500e+03 7.11766e-02
2.62500e+03 8.16254e-02
2.63500e+03 1.04618e-01
2.64500e+03 1.28404e-01
2.65500e+03 1.49573e-01
2.66500e+03 1.23788e-01
2.67500e+03 1.28257e-01
2.68500e+03 1.36201e-01
2.69500e+03 1.19963e-01
2.70500e+03 1.26009e-01
2.71500e+03 1.08641e-01
2.72500e+03 9.83573e-02
2.73500e+03 1.03578e-01
2.74500e+03 8.60840e-02
2.75500e+03 9.44971e-02
2.76500e+03 1.08595e-01
2.77500e+03 1.10977e-01
2.78500e+03 8.82540e-02
2.79500e+03 6.59636e-02
2.80500e+03 7.18375e-02
2.81500e+03 1.06264e-01
2.82500e+03 1.30393e-01
2.83500e+03 1.26696e-01
2.84500e+03 1.06205e-01
2.85500e+03 9.06665e-02
2.86500e+03 1.26442e-01
2.87500e+03 1.52002e-01
2.88500e+03 1.50961e-01
2.89500e+03 1.73623e-01
2.91000e+03 2.04467e-01
2.93000e+03 1.91613e-01
2.95000e+03 1.81163e-01
2.97000e+03 1.84344e-01
2.99000e+03 1.86757e-01
3.01000e+03 1.88719e-01
3.03000e+03 1.96695e-01
3.05000e+03 2.04765e-01
3.07000e+03 2.14980e-01
3.09000e+03 2.16357e-01
3.11000e+03 2.33517e-01
3.13000e+03 2.26275e-01
3.15000e+03 2.26930e-01
3.17000e+03 2.37339e-01
3.19000e+03 2.22582e-01
3.21000e+03 2.29793e-01
3.23000e+03 2.19134e-01
3.25000e+03 2.67921e-01
3.27000e+03 3.03431e-01
3.29000e+03 3.03024e-01
3.31000e+03 2.91574e-01
3.33000e+03 2.94387e-01
3.35000e+03 2.82085e-01
3.37000e+03 2.40773e-01
3.39000e+03 2.53774e-01
3.41000e+03 2.63335e-01
3.43000e+03 2.75397e-01
3.45000e+03 2.86133e-01
3.47000e+03 2.98435e-01
3.49000e+03 3.25007e-01
3.51000e+03 3.40261e-01
3.53000e+03 3.27192e-01
3.55000e+03 3.44614e-01
3.57000e+03 2.81039e-01
3.59000e+03 2.78450e-01
3.61000e+03 3.21166e-01
3.63000e+03 3.39590e-01
3.64000e+03 3.57931e-01
3.65000e+03 3.94190e-01
3.67000e+03 4.06907e-01
3.69000e+03 3.85171e-01
3.70466e+03 3.90538e-01
3.70488e+03 3.95544e-01
3.70511e+03 3.95797e-01
3.70533e+03 3.96050e-01
3.70555e+03 3.96302e-01
3.70578e+03 3.96556e-01
3.70600e+03 3.96807e-01
3.70622e+03 3.97060e-01
3.70645e+03 3.97312e-01
3.70667e+03 3.97564e-01
3.70689e+03 3.97816e-01
3.70712e+03 3.98068e-01
3.70734e+03 3.98319e-01
3.70756e+03 3.98573e-01
3.70779e+03 3.98824e-01
3.70801e+03 3.99075e-01
3.70824e+03 3.99328e-01
3.70846e+03 3.99580e-01
3.70868e+03 3.99831e-01
3.70891e+03 4.00083e-01
3.70913e+03 4.00333e-01
3.70935e+03 4.00586e-01
3.70958e+03 4.00838e-01
3.70980e+03 4.01081e-01
3.71000e+03 4.01251e-01
3.71002e+03 4.00934e-01
3.71025e+03 4.00017e-01
3.71047e+03 3.98850e-01
3.71070e+03 3.97684e-01
3.71092e+03 3.96517e-01
3.71114e+03 3.95353e-01
3.71137e+03 3.94191e-01
3.71159e+03 3.93028e-01
3.71181e+03 3.91868e-01
3.71204e+03 3.90708e-01
3.71226e+03 3.89549e-01
3.71248e+03 3.88394e-01
3.71271e+03 3.87240e-01
3.71293e+03 3.86090e-01
3.71316e+03 3.84946e-01
3.71338e+03 3.83807e-01
3.71360e+03 3.82672e-01
3.71383e+03 3.81546e-01
3.71405e+03 3.80429e-01
3.71427e+03 3.79323e-01
3.71450e+03 3.78228e-01
3.71472e+03 3.77152e-01
3.71494e+03 3.76093e-01
3.71517e+03 3.75058e-01
3.71539e+03 3.74050e-01
3.71562e+03 3.73072e-01
3.71584e+03 3.72132e-01
3.71606e+03 3.71234e-01
3.71629e+03 3.70387e-01
3.71651e+03 3.69597e-01
3.71673e+03 3.68876e-01
3.71696e+03 3.68231e-01
3.71718e+03 3.67674e-01
3.71740e+03 3.67217e-01
3.71763e+03 3.66872e-01
3.71785e+03 3.66659e-01
3.71808e+03 3.66586e-01
3.71830e+03 3.66674e-01
3.71852e+03 3.66939e-01
3.71875e+03 3.67400e-01
3.71897e+03 3.68076e-01
3.71919e+03 3.68988e-01
3.71942e+03 3.70155e-01
3.71964e+03 3.71597e-01
3.71986e+03 3.73336e-01
3.72009e+03 3.75389e-01
3.72031e+03 3.77776e-01
3.72053e+03 3.80514e-01
3.72076e+03 3.83621e-01
3.72098e+03 3.87108e-01
3.72121e+03 3.90989e-01
3.72143e+03 3.95268e-01
3.72165e+03 3.99952e-01
3.72188e+03 4.05038e-01
3.72210e+03 4.10524e-01
3.72232e+03 4.16398e-01
3.72255e+03 4.22648e-01
3.72277e+03 4.29254e-01
3.72299e+03 4.36185e-01
3.72322e+03 4.43412e-01
3.72344e+03 4.50896e-01
3.72367e+03 4.58591e-01
3.72389e+03 4.66449e-01
3.72411e+03 4.74414e-01
3.72434e+03 4.82424e-01
3.72456e+03 4.90412e-01
3.72478e+03 4.98310e-01
3.72501e+03 5.06052e-01
3.72523e+03 5.13565e-01
3.72545e+03 5.20768e-01
3.72568e+03 5.27590e-01
3.72590e+03 5.33955e-01
3.72613e+03 5.39793e-01
3.72635e+03 5.45035e-01
3.72657e+03 5.49617e-01
3.72680e+03 5.53486e-01
3.72702e+03 5.56579e-01
3.72724e+03 5.58863e-01
3.72747e+03 5.60296e-01
3.72769e+03 5.60851e-01
3.72791e+03 5.60510e-01
3.72814e+03 5.59264e-01
3.72836e+03 5.57117e-01
3.72859e+03 5.54077e-01
3.72881e+03 5.50163e-01
3.72903e+03 5.45407e-01
3.72926e+03 5.39847e-01
3.72948e+03 5.33531e-01
3.72970e+03 5.26509e-01
3.72993e+03 5.20194e-01
3.73000e+03 5.15679e-01
3.73015e+03 5.11117e-01
3.73037e+03 5.04526e-01
3.73060e+03 4.96936e-01
3.73082e+03 4.88980e-01
3.73105e+03 4.80732e-01
3.73127e+03 4.72265e-01
3.73149e+03 4.63654e-01
3.73172e+03 4.54971e-01
3.73194e+03 4.46281e-01
3.73216e+03 4.37652e-01
3.73239e+03 4.29139e-01
3.73261e+03 4.20803e-01
3.73283e+03 4.12686e-01
3.73306e+03 4.04834e-01
3.73328e+03 3.97284e-01
3.73351e+03 3.90071e-01
3.73373e+03 3.83216e-01
3.73395e+03 3.76738e-01
3.73418e+03 3.70650e-01
3.73440e+03 3.64961e-01
3.73462e+03 3.59677e-01
3.73485e+03 3.54794e-01
3.73507e+03 3.50311e-01
3.73529e+03 3.46214e-01
3.73552e+03 3.42500e-01
3.73574e+03 3.39147e-01
3.73596e+03 3.36143e-01
3.73619e+03 3.33468e-01
3.73641e+03 3.31104e-01
3.73664e+03 3.29033e-01
3.73686e+03 3.27230e-01
3.73708e+03 3.25679e-01
3.73731e+03 3.24359e-01
3.73753e+03 3.23250e-01
3.73775e+03 3.22332e-01
3.73798e+03 3.21587e-01
3.73820e+03 3.20998e-01
3.73842e+03 3.20549e-01
3.73865e+03 3.20222e-01
3.73887e+03 3.20009e-01
3.73910e+03 3.19891e-01
3.73932e+03 3.19858e-01
3.73954e+03 3.19899e-01
3.73977e+03 3.20005e-01
3.73999e+03 3.20169e-01
3.74021e+03 3.20379e-01
3.74044e+03 3.20631e-01
3.74066e+03 3.20919e-01
3.74088e+03 3.21237e-01
3.74111e+03 3.21580e-01
3.74133e+03 3.21943e-01
3.74156e+03 3.22326e-01
3.74178e+03 3.22722e-01
3.74200e+03 3.23132e-01
3.74223e+03 3.23552e-01
3.74245e+03 3.23981e-01
3.74267e+03 3.24415e-01
3.74290e+03 3.24856e-01
3.74312e+03 3.25300e-01
3.74334e+03 3.25750e-01
3.74357e+03 3.26202e-01
3.74379e+03 3.26657e-01
3.74402e+03 3.27112e-01
3.74424e+03 3.27570e-01
3.74446e+03 3.28032e-01
3.74469e+03 3.28490e-01
3.74491e+03 3.28951e-01
3.74513e+03 3.29411e-01
3.74536e+03 3.29873e-01
3.74558e+03 3.30335e-01
3.74580e+03 3.30797e-01
3.74603e+03 3.31259e-01
3.74625e+03 3.31721e-01
3.74648e+03 3.32182e-01
3.74670e+03 3.32645e-01
3.74692e+03 3.33106e-01
3.74715e+03 3.33569e-01
3.74737e+03 3.34031e-01
3.74759e+03 3.34493e-01
3.74782e+03 3.34953e-01
3.74804e+03 3.35416e-01
3.74826e+03 3.35877e-01
3.74849e+03 3.36338e-01
3.74871e+03 3.36800e-01
3.74893e+03 3.37262e-01
3.74916e+03 3.38067e-01
3.75000e+03 3.58538e-01
3.77000e+03 4.08319e-01
3.79000e+03 4.32529e-01
3.81000e+03 4.12169e-01
3.83000e+03 3.14529e-01
3.85000e+03 3.65656e-01
3.87000e+03 3.82627e-01
3.89000e+03 4.12122e-01
3.91000e+03 4.63573e-01
3.93000e+03 3.48553e-01
3.95000e+03 4.14785e-01
3.97000e+03 3.68017e-01
3.99000e+03 5.75974e-01
4.01000e+03 6.52248e-01
4.03000e+03 6.51039e-01
4.05000e+03 6.31246e-01
4.07000e+03 6.09173e-01
4.07820e+03 6.30096e-01
4.07845e+03 6.41111e-01
4.07870e+03 6.42245e-01
4.07894e+03 6.43376e-01
4.07919e+03 6.44509e-01
4.07943e+03 6.45640e-01
4.07968e+03 6.46773e-01
4.07993e+03 6.47904e-01
4.08017e+03 6.49034e-01
4.08042e+03 6.50164e-01
4.08066e+03 6.51294e-01
4.08091e+03 6.52424e-01
4.08116e+03 6.53554e-01
4.08140e+03 6.54684e-01
4.08165e+03 6.55813e-01
4.08190e+03 6.56940e-01
4.08214e+03 6.58070e-01
4.08239e+03 6.59197e-01
4.08263e+03 6.60325e-01
4.08288e+03 6.61452e-01
4.08313e+03 6.62579e-01
4.08337e+03 6.63706e-01
4.08362e+03 6.64832e-01
4.08386e+03 6.65959e-01
4.08411e+03 6.67085e-01
4.08436e+03 6.68210e-01
4.08460e+03 6.69336e-01
4.08485e+03 6.70461e-01
4.08510e+03 6.71586e-01
4.08534e+03 6.72711e-01
4.08559e+03 6.73836e-01
4.08583e+03 6.74962e-01
4.08608e+03 6.76087e-01
4.08633e+03 6.77213e-01
4.08657e+03 6.78340e-01
4.08682e+03 6.79467e-01
4.08706e+03 6.80595e-01
4.08731e+03 6.81724e-01
4.08756e+03 6.82854e-01
4.08780e+03 6.83987e-01
4.08805e+03 6.85122e-01
4.08830e+03 6.86258e-01
4.08854e+03 6.87401e-01
4.08879e+03 6.88544e-01
4.08903e+03 6.89695e-01
4.08928e+03 6.90850e-01
4.08953e+03 6.92013e-01
4.08977e+03 6.93160e-01
4.09000e+03 6.94000e-01
4.09002e+03 6.94115e-01
4.09026e+03 6.93640e-01
4.09051e+03 6.93064e-01
4.09076e+03 6.92504e-01
4.09100e+03 6.91960e-01
4.09125e+03 6.91436e-01
4.09150e+03 6.90935e-01
4.09174e+03 6.90458e-01
4.09199e+03 6.90009e-01
4.09223e+03 6.89593e-01
4.09248e+03 6.89209e-01
4.09273e+03 6.88863e-01
4.09297e+03 6.88560e-01
4.09322e+03 6.88301e-01
4.09347e+03 6.88090e-01
4.09371e+03 6.87933e-01
4.09396e+03 6.87833e-01
4.09420e+03 6.87792e-01
4.09445e+03 6.87812e-01
4.09470e+03 6.87901e-01
4.09494e+03 6.88058e-01
4.09519e+03 6.88287e-01
4.09543e+03 6.88587e-01
4.09568e+03 6.88964e-01
4.09593e+03 6.89413e-01
4.09617e+03 6.89938e-01
4.09642e+03 6.90532e-01
4.09667e+03 6.91202e-01
4.09691e+03 6.91937e-01
4.09716e+03 6.92736e-01
4.09740e+03 6.93592e-01
4.09765e+03 6.94500e-01
4.09790e+03 6.95451e-01
4.09814e+03 6.96436e-01
4.09839e+03 6.97449e-01
4.09863e+03 6.98476e-01
4.09888e+03 6.99505e-01
4.09913e+03 7.00525e-01
4.09937e+03 7.01524e-01
4.09962e+03 7.02487e-01
4.09987e+03 7.03398e-01
4.10011e+03 7.04249e-01
4.10036e+03 7.05022e-01
4.10060e+03 7.05705e-01
4.10085e+03 7.06287e-01
4.10110e+03 7.06752e-01
4.10134e+03 7.07090e-01
4.10159e+03 7.07291e-01
4.10183e+03 7.07350e-01
4.10208e+03 7.07252e-01
4.10233e+03 7.06996e-01
4.10257e+03 7.06577e-01
4.10282e+03 7.05994e-01
4.10307e+03 7.05243e-01
4.10331e+03 7.04327e-01
4.10356e+03 7.03248e-01
4.10380e+03 7.02010e-01
4.10405e+03 7.00620e-01
4.10430e+03 6.99087e-01
4.10454e+03 6.97420e-01
4.10479e+03 6.95628e-01
4.10503e+03 6.93720e-01
4.10528e+03 6.91711e-01
4.10553e+03 6.89615e-01
4.10577e+03 6.87446e-01
4.10602e+03 6.85216e-01
4.10627e+03 6.82938e-01
4.10651e+03 6.80627e-01
4.10676e+03 6.78295e-01
4.10700e+03 6.75955e-01
4.10725e+03 6.73620e-01
4.10750e+03 6.71303e-01
4.10774e+03 6.69014e-01
4.10799e+03 6.66759e-01
4.10823e+03 6.64551e-01
4.10848e+03 6.62390e-01
4.10873e+03 6.60293e-01
4.10897e+03 6.58260e-01
4.10922e+03 6.56292e-01
4.10947e+03 6.54398e-01
4.10971e+03 6.52577e-01
4.10996e+03 6.51163e-01
4.11000e+03 6.50425e-01
4.11020e+03 6.49855e-01
4.11045e+03 6.49165e-01
4.11070e+03 6.48518e-01
4.11094e+03 6.47941e-01
4.11119e+03 6.47434e-01
4.11144e+03 6.46991e-01
4.11168e+03 6.46612e-01
4.11193e+03 6.46289e-01
4.11217e+03 6.46025e-01
4.11242e+03 6.45811e-01
4.11267e+03 6.45646e-01
4.11291e+03 6.45524e-01
4.11316e+03 6.45442e-01
4.11340e+03 6.45400e-01
4.11365e+03 6.45390e-01
4.11390e+03 6.45408e-01
4.11414e+03 6.45456e-01
4.11439e+03 6.45526e-01
4.11464e+03 6.45620e-01
4.11488e+03 6.45731e-01
4.11513e+03 6.45859e-01
4.11537e+03 6.46004e-01
4.11562e+03 6.46159e-01
4.11587e+03 6.46326e-01
4.11611e+03 6.46503e-01
4.11636e+03 6.46687e-01
4.11660e+03 6.46880e-01
4.11685e+03 6.47077e-01
4.11710e+03 6.47280e-01
4.11734e+03 6.47487e-01
4.11759e+03 6.47697e-01
4.11784e+03 6.47911e-01
4.11808e+03 6.48127e-01
4.11833e+03 6.48346e-01
4.11857e+03 6.48565e-01
4.11882e+03 6.48785e-01
4.11907e+03 6.49008e-01
4.11931e+03 6.49231e-01
4.11956e+03 6.49455e-01
4.11981e+03 6.49677e-01
4.12005e+03 6.49904e-01
4.12030e+03 6.50129e-01
4.12054e+03 6.50355e-01
4.12079e+03 6.50580e-01
4.12104e+03 6.50805e-01
4.12128e+03 6.51032e-01
4.12153e+03 6.51257e-01
4.12177e+03 6.51484e-01
4.12202e+03 6.51709e-01
4.12227e+03 6.51934e-01
4.12251e+03 6.52161e-01
4.12276e+03 6.52386e-01
4.12301e+03 6.52612e-01
4.12325e+03 6.52838e-01
4.12350e+03 6.53063e-01
4.12374e+03 6.53289e-01
4.12399e+03 6.53514e-01
4.12424e+03 6.53740e-01
4.12448e+03 6.53966e-01
4.12473e+03 6.54190e-01
4.12497e+03 6.54416e-01
4.12522e+03 6.54641e-01
4.12547e+03 6.54867e-01
4.12571e+03 6.55091e-01
4.12596e+03 6.55317e-01
4.12621e+03 6.55540e-01
4.12645e+03 6.55766e-01
4.12670e+03 6.55990e-01
4.12694e+03 6.56216e-01
4.12719e+03 6.57266e-01
4.13000e+03 6.58713e-01
4.15000e+03 6.52752e-01
4.17000e+03 6.56107e-01
4.19000e+03 6.47613e-01
4.21000e+03 6.45842e-01
4.23000e+03 6.29640e-01
4.25000e+03 6.44789e-01
4.27000e+03 6.20524e-01
4.29000e+03 5.83089e-01
4.31000e+03 5.35165e-01
4.31565e+03 5.55929e-01
4.31591e+03 5.69587e-01
4.31617e+03 5.71727e-01
4.31643e+03 5.73868e-01
4.31669e+03 5.76008e-01
4.31695e+03 5.78149e-01
4.31721e+03 5.80288e-01
4.31747e+03 5.82426e-01
4.31773e+03 5.84563e-01
4.31799e+03 5.86699e-01
4.31825e+03 5.88836e-01
4.31852e+03 5.90971e-01
4.31878e+03 5.93106e-01
4.31904e+03 5.95240e-01
4.31930e+03 5.97374e-01
4.31956e+03 5.99508e-01
4.31982e+03 6.01640e-01
4.32008e+03 6.03771e-01
4.32034e+03 6.05902e-01
4.32060e+03 6.08033e-01
4.32086e+03 6.10164e-01
4.32112e+03 6.12292e-01
4.32138e+03 6.14423e-01
4.32164e+03 6.16550e-01
4.32190e+03 6.18679e-01
4.32216e+03 6.20806e-01
4.32242e+03 6.22934e-01
4.32268e+03 6.25061e-01
4.32294e+03 6.27189e-01
4.32320e+03 6.29315e-01
4.32346e+03 6.31442e-01
4.32373e+03 6.33569e-01
4.32399e+03 6.35694e-01
4.32425e+03 6.37823e-01
4.32451e+03 6.39952e-01
4.32477e+03 6.42080e-01
4.32503e+03 6.44213e-01
4.32529e+03 6.46345e-01
4.32555e+03 6.48483e-01
4.32581e+03 6.50623e-01
4.32607e+03 6.52768e-01
4.32633e+03 6.54918e-01
4.32659e+03 6.57074e-01
4.32685e+03 6.59239e-01
4.32711e+03 6.61412e-01
4.32737e+03 6.63599e-01
4.32763e+03 6.65796e-01
4.32789e+03 6.68011e-01
4.32815e+03 6.70243e-01
4.32841e+03 6.72497e-01
4.32867e+03 6.74777e-01
4.32894e+03 6.77084e-01
4.32920e+03 6.79423e-01
4.32946e+03 6.81802e-01
4.32972e+03 6.84219e-01
4.32998e+03 6.86093e-01
4.33000e+03 6.86960e-01
4.33024e+03 6.87108e-01
4.33050e+03 6.87375e-01
4.33076e+03 6.87714e-01
4.33102e+03 6.88126e-01
4.33128e+03 6.88618e-01
4.33154e+03 6.89197e-01
4.33180e+03 6.89869e-01
4.33206e+03 6.90644e-01
4.33232e+03 6.91528e-01
4.33258e+03 6.92526e-01
4.33284e+03 6.93647e-01
4.33310e+03 6.94894e-01
4.33336e+03 6.96276e-01
4.33362e+03 6.97794e-01
4.33388e+03 6.99454e-01
4.33415e+03 7.01257e-01
4.33441e+03 7.03205e-01
4.33467e+03 7.05294e-01
4.33493e+03 7.07525e-01
4.33519e+03 7.09893e-01
4.33545e+03 7.12391e-01
4.33571e+03 7.15011e-01
4.33597e+03 7.17742e-01
4.33623e+03 7.20572e-01
4.33649e+03 7.23488e-01
4.33675e+03 7.26470e-01
4.33701e+03 7.29500e-01
4.33727e+03 7.32560e-01
4.33753e+03 7.35625e-01
4.33779e+03 7.38673e-01
4.33805e+03 7.41679e-01
4.33831e+03 7.44614e-01
4.33857e+03 7.47455e-01
4.33883e+03 7.50173e-01
4.33909e+03 7.52743e-01
4.33935e+03 7.55140e-01
4.33962e+03 7.57335e-01
4.33988e+03 7.59309e-01
4.34014e+03 7.61038e-01
4.34040e+03 7.62503e-01
4.34066e+03 7.63685e-01
4.34092e+03 7.64572e-01
4.34118e+03 7.65150e-01
4.34144e+03 7.65413e-01
4.34170e+03 7.65356e-01
4.34196e+03 7.64974e-01
4.34222e+03 7.64273e-01
4.34248e+03 7.63257e-01
4.34274e+03 7.61935e-01
4.34300e+03 7.60319e-01
4.34326e+03 7.58421e-01
4.34352e+03 7.56264e-01
4.34378e+03 7.53863e-01
4.34404e+03 7.51245e-01
4.34430e+03 7.48430e-01
4.34457e+03 7.45442e-01
4.34483e+03 7.42312e-01
4.34509e+03 7.39064e-01
4.34535e+03 7.35724e-01
4.34561e+03 7.32319e-01
4.34587e+03 7.28876e-01
4.34613e+03 7.25416e-01
4.34639e+03 7.21967e-01
4.34665e+03 7.18549e-01
4.34691e+03 7.15182e-01
4.34717e+03 7.11885e-01
4.34743e+03 7.08675e-01
4.34769e+03 7.05566e-01
4.34795e+03 7.02571e-01
4.34821e+03 6.99698e-01
4.34847e+03 6.96956e-01
4.34873e+03 6.94353e-01
4.34899e+03 6.91890e-01
4.34925e+03 6.89569e-01
4.34951e+03 6.87394e-01
4.34978e+03 6.85425e-01
4.35000e+03 6.84043e-01
4.35004e+03 6.83528e-01
4.35030e+03 6.83098e-01
4.35056e+03 6.82690e-01
4.35082e+03 6.82409e-01
4.35108e+03 6.82248e-01
4.35134e+03 6.82201e-01
4.35160e+03 6.82262e-01
4.35186e+03 6.82424e-01
4.35212e+03 6.82676e-01
4.35238e+03 6.83016e-01
4.35264e+03 6.83433e-01
4.35290e+03 6.83922e-01
4.35316e+03 6.84477e-01
4.35342e+03 6.85088e-01
4.35368e+03 6.85754e-01
4.35394e+03 6.86466e-01
4.35420e+03 6.87219e-01
4.35446e+03 6.88009e-01
4.35472e+03 6.88831e-01
4.35499e+03 6.89681e-01
4.35525e+03 6.90557e-01
4.35551e+03 6.91452e-01
4.35577e+03 6.92366e-01
4.35603e+03 6.93297e-01
4.35629e+03 6.94241e-01
4.35655e+03 6.95196e-01
4.35681e+03 6.96160e-01
4.35707e+03 6.97133e-01
4.35733e+03 6.98114e-01
4.35759e+03 6.99099e-01
4.35785e+03 7.00088e-01
4.35811e+03 7.01081e-01
4.35837e+03 7.02079e-01
4.35863e+03 7.03077e-01
4.35889e+03 7.04078e-01
4.35915e+03 7.05080e-01
4.35941e+03 7.06084e-01
4.35967e+03 7.07090e-01
4.35993e+03 7.08095e-01
4.36020e+03 7.09100e-01
4.36046e+03 7.10106e-01
4.36072e+03 7.11114e-01
4.36098e+03 7.12121e-01
4.36124e+03 7.13126e-01
4.36150e+03 7.14134e-01
4.36176e+03 7.15140e-01
4.36202e+03 7.16147e-01
4.36228e+03 7.17152e-01
4.36254e+03 7.18158e-01
4.36280e+03 7.19164e-01
4.36306e+03 7.20168e-01
4.36332e+03 7.21174e-01
4.36358e+03 7.22179e-01
4.36384e+03 7.23183e-01
4.36410e+03 7.24189e-01
4.36436e+03 7.25192e-01
4.36462e+03 7.26195e-01
4.36488e+03 7.27198e-01
4.36515e+03 7.28201e-01
4.36541e+03 7.29203e-01
4.36567e+03 7.30205e-01
4.36593e+03 7.31208e-01
4.36619e+03 7.32211e-01
4.36645e+03 7.33211e-01
4.36671e+03 7.34213e-01
4.36697e+03 7.35214e-01
4.36723e+03 7.36215e-01
4.36749e+03 7.39608e-01
4.37000e+03 7.32880e-01
4.39000e+03 6.90644e-01
4.41000e+03 7.14147e-01
4.43000e+03 7.54583e-01
4.45000e+03 7.68699e-01
4.47000e+03 8.02681e-01
4.49000e+03 8.33008e-01
4.51000e+03 8.93050e-01
4.53000e+03 8.33240e-01
4.55000e+03 8.52605e-01
4.57000e+03 8.94453e-01
4.59000e+03 8.72769e-01
4.61000e+03 8.80502e-01
4.63000e+03 8.71805e-01
4.65000e+03 8.81081e-01
4.67000e+03 9.05719e-01
4.69000e+03 8.97618e-01
4.71000e+03 8.80835e-01
4.73000e+03 8.99765e-01
4.75000e+03 9.19768e-01
4.77000e+03 9.14172e-01
4.79000e+03 9.14970e-01
4.81000e+03 9.19334e-01
4.83000e+03 9.33790e-01
4.83484e+03 9.30198e-01
4.83513e+03 9.26734e-01
4.83542e+03 9.25937e-01
4.83571e+03 9.25140e-01
4.83600e+03 9.24343e-01
4.83629e+03 9.23549e-01
4.83659e+03 9.22755e-01
4.83688e+03 9.21958e-01
4.83717e+03 9.21163e-01
4.83746e+03 9.20368e-01
4.83775e+03 9.19573e-01
4.83805e+03 9.18779e-01
4.83834e+03 9.17987e-01
4.83863e+03 9.17194e-01
4.83892e+03 9.16400e-01
4.83921e+03 9.15610e-01
4.83950e+03 9.14819e-01
4.83980e+03 9.14029e-01
4.84009e+03 9.13241e-01
4.84038e+03 9.12455e-01
4.84067e+03 9.11669e-01
4.84096e+03 9.10886e-01
4.84126e+03 9.10107e-01
4.84155e+03 9.09331e-01
4.84184e+03 9.08559e-01
4.84213e+03 9.07791e-01
4.84242e+03 9.07030e-01
4.84272e+03 9.06277e-01
4.84301e+03 9.05534e-01
4.84330e+03 9.04800e-01
4.84359e+03 9.04081e-01
4.84388e+03 9.03376e-01
4.84417e+03 9.02691e-01
4.84447e+03 9.02028e-01
4.84476e+03 9.01392e-01
4.84505e+03 9.00785e-01
4.84534e+03 9.00215e-01
4.84563e+03 8.99686e-01
4.84593e+03 8.99208e-01
4.84622e+03 8.98785e-01
4.84651e+03 8.98428e-01
4.84680e+03 8.98144e-01
4.84709e+03 8.97947e-01
4.84738e+03 8.97844e-01
4.84768e+03 8.97851e-01
4.84797e+03 8.97980e-01
4.84826e+03 8.98247e-01
4.84855e+03 8.98664e-01
4.84884e+03 8.99246e-01
4.84914e+03 9.00017e-01
4.84943e+03 9.00989e-01
4.84972e+03 9.02164e-01
4.85000e+03 9.03166e-01
4.85001e+03 9.03907e-01
4.85030e+03 9.04927e-01
4.85059e+03 9.06535e-01
4.85089e+03 9.08431e-01
4.85118e+03 9.10632e-01
4.85147e+03 9.13153e-01
4.85176e+03 9.16009e-01
4.85205e+03 9.19205e-01
4.85235e+03 9.22751e-01
4.85264e+03 9.26654e-01
4.85293e+03 9.30912e-01
4.85322e+03 9.35523e-01
4.85351e+03 9.40482e-01
4.85381e+03 9.45778e-01
4.85410e+03 9.51390e-01
4.85439e+03 9.57294e-01
4.85468e+03 9.63470e-01
4.85497e+03 9.69884e-01
4.85526e+03 9.76497e-01
4.85556e+03 9.83261e-01
4.85585e+03 9.90136e-01
4.85614e+03 9.97061e-01
4.85643e+03 1.00400e+00
4.85672e+03 1.01088e+00
4.85702e+03 1.01762e+00
4.85731e+03 1.02419e+00
4.85760e+03 1.03050e+00
4.85789e+03 1.03649e+00
4.85818e+03 1.04209e+00
4.85847e+03 1.04726e+00
4.85877e+03 1.05191e+00
4.85906e+03 1.05599e+00
4.85935e+03 1.05947e+00
4.85964e+03 1.06227e+00
4.85993e+03 1.06437e+00
4.86023e+03 1.06572e+00
4.86052e+03 1.06631e+00
4.86081e+03 1.06611e+00
4.86110e+03 1.06512e+00
4.86139e+03 1.06334e+00
4.86168e+03 1.06076e+00
4.86198e+03 1.05741e+00
4.86227e+03 1.05329e+00
4.86256e+03 1.04847e+00
4.86285e+03 1.04298e+00
4.86314e+03 1.03683e+00
4.86344e+03 1.03012e+00
4.86373e+03 1.02287e+00
4.86402e+03 1.01516e+00
4.86431e+03 1.00704e+00
4.86460e+03 9.98574e-01
4.86490e+03 9.89847e-01
4.86519e+03 9.80902e-01
4.86548e+03 9.71815e-01
4.86577e+03 9.62648e-01
4.86606e+03 9.53459e-01
4.86635e+03 9.44311e-01
4.86665e+03 9.35257e-01
4.86694e+03 9.26343e-01
4.86723e+03 9.17611e-01
4.86752e+03 9.09109e-01
4.86781e+03 9.00861e-01
4.86811e+03 8.92902e-01
4.86840e+03 8.85256e-01
4.86869e+03 8.77938e-01
4.86898e+03 8.70963e-01
4.86927e+03 8.64342e-01
4.86956e+03 8.58075e-01
4.86986e+03 8.52871e-01
4.87000e+03 8.49533e-01
4.87015e+03 8.47624e-01
4.87044e+03 8.45401e-01
4.87073e+03 8.43181e-01
4.87102e+03 8.41286e-01
4.87132e+03 8.39703e-01
4.87161e+03 8.38412e-01
4.87190e+03 8.37398e-01
4.87219e+03 8.36646e-01
4.87248e+03 8.36137e-01
4.87277e+03 8.35852e-01
4.87307e+03 8.35773e-01
4.87336e+03 8.35884e-01
4.87365e+03 8.36167e-01
4.87394e+03 8.36608e-01
4.87423e+03 8.37188e-01
4.87453e+03 8.37895e-01
4.87482e+03 8.38714e-01
4.87511e+03 8.39632e-01
4.87540e+03 8.40639e-01
4.87569e+03 8.41722e-01
4.87598e+03 8.42872e-01
4.87628e+03 8.44081e-01
4.87657e+03 8.45343e-01
4.87686e+03 8.46645e-01
4.87715e+03 8.47987e-01
4.87744e+03 8.49360e-01
4.87774e+03 8.50762e-01
4.87803e+03 8.52185e-01
4.87832e+03 8.53629e-01
4.87861e+03 8.55087e-01
4.87890e+03 8.56559e-01
4.87920e+03 8.58043e-01
4.87949e+03 8.59537e-01
4.87978e+03 8.61036e-01
4.88007e+03 8.62544e-01
4.88036e+03 8.64055e-01
4.88065e+03 8.65569e-01
4.88095e+03 8.67087e-01
4.88124e+03 8.68608e-01
4.88153e+03 8.70130e-01
4.88182e+03 8.71656e-01
4.88211e+03 8.73181e-01
4.88241e+03 8.74707e-01
4.88270e+03 8.76233e-01
4.88299e+03 8.77761e-01
4.88328e+03 8.79287e-01
4.88357e+03 8.80816e-01
4.88386e+03 8.82343e-01
4.88416e+03 8.83870e-01
4.88445e+03 8.85396e-01
4.88474e+03 8.86923e-01
4.88503e+03 8.88449e-01
4.88532e+03 8.89976e-01
4.88562e+03 8.91503e-01
4.88591e+03 8.93028e-01
4.88620e+03 8.94554e-01
4.88649e+03 8.96078e-01
4.88678e+03 8.97604e-01
4.88707e+03 8.99127e-01
4.88737e+03 9.00652e-01
4.88766e+03 9.02176e-01
4.88795e+03 9.03701e-01
4.88824e+03 9.05222e-01
4.88853e+03 9.06744e-01
4.88883e+03 9.08267e-01
4.88912e+03 9.09790e-01
4.88941e+03 9.11312e-01
4.88970e+03 9.12842e-01
4.89000e+03 9.14195e-01
4.89029e+03 9.14448e-01
4.89058e+03 9.14506e-01
4.89087e+03 9.14566e-01
4.89116e+03 9.14625e-01
4.89145e+03 9.14684e-01
4.89174e+03 9.14744e-01
4.89204e+03 9.14804e-01
4.89233e+03 9.14864e-01
4.89262e+03 9.14924e-01
4.89291e+03 9.17350e-01
4.91000e+03 9.16194e-01
4.92877e+03 9.05370e-01
4.92907e+03 9.03004e-01
4.92936e+03 9.02766e-01
4.92966e+03 9.02526e-01
4.92996e+03 9.02318e-01
4.93000e+03 9.02372e-01
4.93026e+03 9.02736e-01
4.93055e+03 9.03247e-01
4.93085e+03 9.03782e-01
4.93115e+03 9.04316e-01
4.93145e+03 9.04848e-01
4.93174e+03 9.05382e-01
4.93204e+03 9.05916e-01
4.93234e+03 9.06450e-01
4.93264e+03 9.06982e-01
4.93293e+03 9.07514e-01
4.93323e+03 9.08047e-01
4.93353e+03 9.08580e-01
4.93383e+03 9.09113e-01
4.93412e+03 9.09646e-01
4.93442e+03 9.10177e-01
4.93472e+03 9.10709e-01
4.93502e+03 9.11242e-01
4.93531e+03 9.11774e-01
4.93561e+03 9.12306e-01
4.93591e+03 9.12839e-01
4.93621e+03 9.13369e-01
4.93650e+03 9.13901e-01
4.93680e+03 9.14434e-01
4.93710e+03 9.14966e-01
4.93740e+03 9.15499e-01
4.93769e+03 9.16031e-01
4.93799e+03 9.16562e-01
4.93829e+03 9.17097e-01
4.93859e+03 9.17630e-01
4.93888e+03 9.18165e-01
4.93918e+03 9.18701e-01
4.93948e+03 9.19238e-01
4.93978e+03 9.19773e-01
4.94007e+03 9.20313e-01
4.94037e+03 9.20854e-01
4.94067e+03 9.21398e-01
4.94097e+03 9.21945e-01
4.94126e+03 9.22492e-01
4.94156e+03 9.23046e-01
4.94186e+03 9.23606e-01
4.94216e+03 9.24172e-01
4.94245e+03 9.24741e-01
4.94275e+03 9.25323e-01
4.94305e+03 9.25911e-01
4.94335e+03 9.26512e-01
4.94364e+03 9.27125e-01
4.94394e+03 9.27752e-01
4.94424e+03 9.28396e-01
4.94454e+03 9.29058e-01
4.94483e+03 9.29740e-01
4.94513e+03 9.30448e-01
4.94543e+03 9.31182e-01
4.94573e+03 9.31947e-01
4.94602e+03 9.32743e-01
4.94632e+03 9.33576e-01
4.94662e+03 9.34449e-01
4.94692e+03 9.35366e-01
4.94721e+03 9.36331e-01
4.94751e+03 9.37345e-01
4.94781e+03 9.38414e-01
4.94811e+03 9.39539e-01
4.94840e+03 9.40727e-01
4.94870e+03 9.41979e-01
4.94900e+03 9.43297e-01
4.94930e+03 9.44684e-01
4.94959e+03 9.46141e-01
4.94989e+03 9.47403e-01
4.95000e+03 9.48289e-01
4.95019e+03 9.48914e-01
4.95049e+03 9.49786e-01
4.95078e+03 9.50821e-01
4.95108e+03 9.51925e-01
4.95138e+03 9.53094e-01
4.95168e+03 9.54324e-01
4.95197e+03 9.55611e-01
4.95227e+03 9.56948e-01
4.95257e+03 9.58327e-01
4.95287e+03 9.59741e-01
4.95316e+03 9.61180e-01
4.95346e+03 9.62632e-01
4.95376e+03 9.64087e-01
4.95406e+03 9.65534e-01
4.95435e+03 9.66960e-01
4.95465e+03 9.68351e-01
4.95495e+03 9.69695e-01
4.95525e+03 9.70979e-01
4.95554e+03 9.72187e-01
4.95584e+03 9.73308e-01
4.95614e+03 9.74329e-01
4.95644e+03 9.75239e-01
4.95673e+03 9.76026e-01
4.95703e+03 9.76681e-01
4.95733e+03 9.77194e-01
4.95763e+03 9.77559e-01
4.95792e+03 9.77773e-01
4.95822e+03 9.77820e-01
4.95852e+03 9.77710e-01
4.95882e+03 9.77441e-01
4.95911e+03 9.77009e-01
4.95941e+03 9.76417e-01
4.95971e+03 9.75674e-01
4.96001e+03 9.74783e-01
4.96030e+03 9.73752e-01
4.96060e+03 9.72588e-01
4.96090e+03 9.71303e-01
4.96120e+03 9.69906e-01
4.96149e+03 9.68414e-01
4.96179e+03 9.66834e-01
4.96209e+03 9.65181e-01
4.96239e+03 9.63469e-01
4.96268e+03 9.61710e-01
4.96298e+03 9.59918e-01
4.96328e+03 9.58109e-01
4.96358e+03 9.56291e-01
4.96387e+03 9.54475e-01
4.96417e+03 9.52676e-01
4.96447e+03 9.50904e-01
4.96477e+03 9.49165e-01
4.96506e+03 9.47471e-01
4.96536e+03 9.45826e-01
4.96566e+03 9.44239e-01
4.96596e+03 9.42715e-01
4.96625e+03 9.41254e-01
4.96655e+03 9.39866e-01
4.96685e+03 9.38547e-01
4.96715e+03 9.37298e-01
4.96744e+03 9.36122e-01
4.96774e+03 9.35019e-01
4.96804e+03 9.33986e-01
4.96834e+03 9.33022e-01
4.96863e+03 9.32126e-01
4.96893e+03 9.31291e-01
4.96923e+03 9.30519e-01
4.96953e+03 9.29804e-01
4.96982e+03 9.29198e-01
4.97000e+03 9.28774e-01
4.97012e+03 9.28107e-01
4.97042e+03 9.27078e-01
4.97072e+03 9.25929e-01
4.97102e+03 9.24818e-01
4.97131e+03 9.23743e-01
4.97161e+03 9.22702e-01
4.97191e+03 9.21691e-01
4.97221e+03 9.20706e-01
4.97250e+03 9.19745e-01
4.97280e+03 9.18805e-01
4.97310e+03 9.17885e-01
4.97340e+03 9.16980e-01
4.97369e+03 9.16089e-01
4.97399e+03 9.15212e-01
4.97429e+03 9.14346e-01
4.97458e+03 9.13489e-01
4.97488e+03 9.12641e-01
4.97518e+03 9.11799e-01
4.97548e+03 9.10964e-01
4.97578e+03 9.10134e-01
4.97607e+03 9.09308e-01
4.97637e+03 9.08600e-01
4.97648e+03 9.08136e-01
4.97667e+03 9.07712e-01
4.97678e+03 9.07314e-01
4.97697e+03 9.06892e-01
4.97708e+03 9.06495e-01
4.97726e+03 9.06076e-01
4.97738e+03 9.05676e-01
4.97756e+03 9.05260e-01
4.97768e+03 9.04862e-01
4.97786e+03 9.04445e-01
4.97798e+03 9.04046e-01
4.97816e+03 9.03632e-01
4.97828e+03 9.03235e-01
4.97845e+03 9.02821e-01
4.97858e+03 9.02422e-01
4.97875e+03 9.02010e-01
4.97888e+03 9.01609e-01
4.97905e+03 9.01200e-01
4.97918e+03 9.00800e-01
4.97935e+03 9.00391e-01
4.97948e+03 8.99989e-01
4.97964e+03 8.99584e-01
4.97978e+03 8.99182e-01
4.97994e+03 8.98776e-01
4.98008e+03 8.98372e-01
4.98024e+03 8.97968e-01
4.98039e+03 8.97564e-01
4.98054e+03 8.97161e-01
4.98069e+03 8.96756e-01
4.98083e+03 8.96353e-01
4.98099e+03 8.95949e-01
4.98113e+03 8.95545e-01
4.98129e+03 8.95140e-01
4.98143e+03 8.94741e-01
4.98159e+03 8.94334e-01
4.98173e+03 8.93934e-01
4.98189e+03 8.93527e-01
4.98202e+03 8.93129e-01
4.98219e+03 8.92719e-01
4.98232e+03 8.92322e-01
4.98249e+03 8.91914e-01
4.98262e+03 8.91517e-01
4.98279e+03 8.91107e-01
4.98292e+03 8.90714e-01
4.98309e+03 8.90304e-01
4.98321e+03 8.89908e-01
4.98339e+03 8.89497e-01
4.98351e+03 8.89105e-01
4.98369e+03 8.88692e-01
4.98381e+03 8.88300e-01
4.98399e+03 8.87888e-01
4.98411e+03 8.87497e-01
4.98429e+03 8.87084e-01
4.98440e+03 8.86694e-01
4.98459e+03 8.86281e-01
4.98470e+03 8.85891e-01
4.98489e+03 8.85478e-01
4.98500e+03 8.85091e-01
4.98519e+03 8.84676e-01
4.98530e+03 8.84289e-01
4.98549e+03 8.83875e-01
4.98559e+03 8.83491e-01
4.98579e+03 8.83075e-01
4.98589e+03 8.82694e-01
4.98609e+03 8.82279e-01
4.98619e+03 8.81897e-01
4.98639e+03 8.81481e-01
4.98649e+03 8.81102e-01
4.98669e+03 8.80687e-01
4.98678e+03 8.80311e-01
4.98699e+03 8.79896e-01
4.98708e+03 8.79523e-01
4.98729e+03 8.79107e-01
4.98738e+03 8.78735e-01
4.98759e+03 8.78322e-01
4.98768e+03 8.77953e-01
4.98790e+03 8.77542e-01
4.98797e+03 8.77178e-01
4.98820e+03 8.76640e-01
4.98850e+03 8.75913e-01
4.98880e+03 8.75151e-01
4.98910e+03 8.74399e-01
4.98940e+03 8.73657e-01
4.98970e+03 8.72929e-01
4.99000e+03 8.72238e-01
4.99030e+03 8.71710e-01
4.99060e+03 8.71226e-01
4.99090e+03 8.70769e-01
4.99120e+03 8.70341e-01
4.99150e+03 8.69948e-01
4.99180e+03 8.69594e-01
4.99210e+03 8.69287e-01
4.99240e+03 8.69031e-01
4.99270e+03 8.68836e-01
4.99300e+03 8.68707e-01
4.99330e+03 8.68654e-01
4.99360e+03 8.68687e-01
4.99390e+03 8.68811e-01
4.99420e+03 8.69041e-01
4.99450e+03 8.69385e-01
4.99480e+03 8.69856e-01
4.99510e+03 8.70462e-01
4.99541e+03 8.71219e-01
4.99571e+03 8.72134e-01
4.99601e+03 8.73220e-01
4.99631e+03 8.74488e-01
4.99661e+03 8.75946e-01
4.99691e+03 8.77608e-01
4.99721e+03 8.79480e-01
4.99751e+03 8.81567e-01
4.99781e+03 8.83875e-01
4.99811e+03 8.86411e-01
4.99841e+03 8.89174e-01
4.99871e+03 8.92164e-01
4.99901e+03 8.95373e-01
4.99931e+03 8.98797e-01
4.99961e+03 9.02429e-01
4.99991e+03 9.06254e-01
5.00021e+03 9.10253e-01
5.00051e+03 9.14409e-01
5.00081e+03 9.18698e-01
5.00111e+03 9.23095e-01
5.00141e+03 9.27572e-01
5.00171e+03 9.32092e-01
5.00201e+03 9.36620e-01
5.00231e+03 9.41121e-01
5.00261e+03 9.45554e-01
5.00292e+03 9.49884e-01
5.00322e+03 9.54063e-01
5.00352e+03 9.58047e-01
5.00382e+03 9.61798e-01
5.00412e+03 9.65278e-01
5.00442e+03 9.68445e-01
5.00472e+03 9.71260e-01
5.00502e+03 9.73690e-01
5.00532e+03 9.75703e-01
5.00562e+03 9.77273e-01
5.00592e+03 9.78376e-01
5.00622e+03 9.78992e-01
5.00652e+03 9.79119e-01
5.00682e+03 9.78733e-01
5.00712e+03 9.77840e-01
5.00742e+03 9.76442e-01
5.00772e+03 9.74548e-01
5.00802e+03 9.72171e-01
5.00832e+03 9.69331e-01
5.00862e+03 9.66048e-01
5.00892e+03 9.62352e-01
5.00922e+03 9.58274e-01
5.00952e+03 9.53852e-01
5.00982e+03 9.49623e-01
5.01000e+03 9.46489e-01
5.01012e+03 9.44129e-01
5.01042e+03 9.40770e-01
5.01073e+03 9.36686e-01
5.01103e+03 9.32457e-01
5.01133e+03 9.28125e-01
5.01163e+03 9.23728e-01
5.01193e+03 9.19305e-01
5.01223e+03 9.14900e-01
5.01253e+03 9.10542e-01
5.01283e+03 9.06265e-01
5.01313e+03 9.02098e-01
5.01343e+03 8.98063e-01
5.01373e+03 8.94190e-01
5.01403e+03 8.90495e-01
5.01433e+03 8.86994e-01
5.01463e+03 8.83698e-01
5.01493e+03 8.80616e-01
5.01523e+03 8.77759e-01
5.01553e+03 8.75128e-01
5.01583e+03 8.72725e-01
5.01613e+03 8.70546e-01
5.01643e+03 8.68585e-01
5.01673e+03 8.66844e-01
5.01703e+03 8.65309e-01
5.01733e+03 8.63976e-01
5.01763e+03 8.62833e-01
5.01793e+03 8.61870e-01
5.01823e+03 8.61076e-01
5.01854e+03 8.60442e-01
5.01884e+03 8.59953e-01
5.01914e+03 8.59600e-01
5.01944e+03 8.59371e-01
5.01974e+03 8.59256e-01
5.02004e+03 8.59243e-01
5.02034e+03 8.59323e-01
5.02064e+03 8.59486e-01
5.02094e+03 8.59723e-01
5.02124e+03 8.60028e-01
5.02154e+03 8.60389e-01
5.02184e+03 8.60803e-01
5.02214e+03 8.61260e-01
5.02244e+03 8.61759e-01
5.02274e+03 8.62291e-01
5.02304e+03 8.62851e-01
5.02334e+03 8.63437e-01
5.02364e+03 8.64046e-01
5.02394e+03 8.64671e-01
5.02424e+03 8.65313e-01
5.02454e+03 8.65967e-01
5.02484e+03 8.66632e-01
5.02514e+03 8.67305e-01
5.02544e+03 8.67987e-01
5.02574e+03 8.68677e-01
5.02604e+03 8.69370e-01
5.02635e+03 8.70068e-01
5.02665e+03 8.70769e-01
5.02695e+03 8.71474e-01
5.02725e+03 8.72180e-01
5.02755e+03 8.72888e-01
5.02785e+03 8.73597e-01
5.02815e+03 8.74307e-01
5.02845e+03 8.75020e-01
5.02875e+03 8.75731e-01
5.02905e+03 8.76443e-01
5.02935e+03 8.77156e-01
5.02965e+03 8.77869e-01
5.02995e+03 8.78414e-01
5.03000e+03 8.78704e-01
5.03025e+03 8.78658e-01
5.03055e+03 8.78605e-01
5.03085e+03 8.78552e-01
5.03115e+03 8.78499e-01
5.03145e+03 8.78445e-01
5.03175e+03 8.78395e-01
5.03205e+03 8.78341e-01
5.03235e+03 8.78289e-01
5.03265e+03 8.78237e-01
5.03295e+03 8.78184e-01
5.03325e+03 8.78133e-01
5.03355e+03 8.78079e-01
5.03385e+03 8.78027e-01
5.03416e+03 8.77976e-01
5.03446e+03 8.77922e-01
5.03476e+03 8.77871e-01
5.03506e+03 8.77818e-01
5.03536e+03 8.77767e-01
5.03566e+03 8.77715e-01
5.03596e+03 8.77662e-01
5.03626e+03 8.78088e-01
5.05000e+03 8.81037e-01
5.07000e+03 8.99816e-01
5.09000e+03 8.75659e-01
5.11000e+03 8.82973e-01
5.13000e+03 8.62707e-01
5.15000e+03 8.31345e-01
5.17000e+03 7.91105e-01
5.19000e+03 8.11720e-01
5.21000e+03 8.66542e-01
5.23000e+03 9.24126e-01
5.25000e+03 9.47608e-01
5.27000e+03 8.93023e-01
5.29000e+03 9.71151e-01
5.31000e+03 1.01207e+00
5.33000e+03 9.47760e-01
5.35000e+03 9.91536e-01
5.37000e+03 9.94912e-01
5.39000e+03 9.79843e-01
5.41000e+03 9.69956e-01
5.43000e+03 9.81451e-01
5.45000e+03 9.99523e-01
5.47000e+03 9.92769e-01
5.49000e+03 9.97685e-01
5.51000e+03 9.93677e-01
5.53000e+03 1.01812e+00
5.55000e+03 1.02912e+00
5.57000e+03 1.01321e+00
5.59000e+03 9.99249e-01
5.61000e+03 1.01944e+00
5.63000e+03 1.02291e+00
5.65000e+03 1.03036e+00
5.67000e+03 1.01852e+00
5.69000e+03 1.03270e+00
5.71000e+03 1.02139e+00
5.73000e+03 1.06828e+00
5.75000e+03 1.05435e+00
5.77000e+03 1.05232e+00
5.79000e+03 1.03204e+00
5.81000e+03 1.05788e+00
5.83000e+03 1.07795e+00
5.85000e+03 1.05940e+00
5.87000e+03 1.04392e+00
5.89000e+03 9.86569e-01
5.91000e+03 1.03348e+00
5.93000e+03 1.04658e+00
5.95000e+03 1.04932e+00
5.97000e+03 1.05926e+00
5.99000e+03 1.04940e+00
6.01000e+03 1.04145e+00
6.03000e+03 1.05910e+00
6.05000e+03 1.07444e+00
6.07000e+03 1.06996e+00
6.09000e+03 1.04726e+00
6.11000e+03 1.04041e+00
6.13000e+03 1.00716e+00
6.15000e+03 1.01333e+00
6.17000e+03 9.87479e-01
6.19000e+03 1.01948e+00
6.21000e+03 1.01693e+00
6.23000e+03 9.92881e-01
6.25000e+03 9.75268e-01
6.27000e+03 1.00338e+00
6.29000e+03 1.01735e+00
6.31000e+03 1.00293e+00
6.33000e+03 1.01072e+00
6.35000e+03 1.01583e+00
6.37000e+03 1.01582e+00
6.39000e+03 1.02396e+00
6.41000e+03 1.01412e+00
6.43000e+03 1.01888e+00
6.45000e+03 1.01653e+00
6.47000e+03 1.01261e+00
6.49000e+03 1.00430e+00
6.51000e+03 1.02454e+00
6.52364e+03 1.02917e+00
6.52404e+03 1.03035e+00
6.52443e+03 1.03037e+00
6.52482e+03 1.03039e+00
6.52522e+03 1.03042e+00
6.52561e+03 1.03044e+00
6.52600e+03 1.03046e+00
6.52640e+03 1.03049e+00
6.52679e+03 1.03051e+00
6.52719e+03 1.03053e+00
6.52758e+03 1.03055e+00
6.52797e+03 1.03058e+00
6.52837e+03 1.03059e+00
6.52876e+03 1.03061e+00
6.52915e+03 1.03064e+00
6.52955e+03 1.03066e+00
6.52994e+03 1.03065e+00
6.53000e+03 1.03059e+00
6.53034e+03 1.03015e+00
6.53073e+03 1.02956e+00
6.53112e+03 1.02897e+00
6.53152e+03 1.02835e+00
6.53191e+03 1.02774e+00
6.53230e+03 1.02714e+00
6.53270e+03 1.02653e+00
6.53309e+03 1.02594e+00
6.53349e+03 1.02533e+00
6.53388e+03 1.02474e+00
6.53427e+03 1.02414e+00
6.53467e+03 1.02356e+00
6.53506e+03 1.02298e+00
6.53546e+03 1.02240e+00
6.53585e+03 1.02184e+00
6.53624e+03 1.02127e+00
6.53664e+03 1.02074e+00
6.53703e+03 1.02022e+00
6.53742e+03 1.01972e+00
6.53782e+03 1.01925e+00
6.53821e+03 1.01880e+00
6.53860e+03 1.01839e+00
6.53900e+03 1.01805e+00
6.53939e+03 1.01774e+00
6.53979e+03 1.01750e+00
6.54018e+03 1.01734e+00
6.54057e+03 1.01729e+00
6.54097e+03 1.01734e+00
6.54136e+03 1.01753e+00
6.54176e+03 1.01787e+00
6.54215e+03 1.01840e+00
6.54254e+03 1.01913e+00
6.54294e+03 1.02011e+00
6.54333e+03 1.02138e+00
6.54372e+03 1.02296e+00
6.54412e+03 1.02493e+00
6.54451e+03 1.02730e+00
6.54491e+03 1.03016e+00
6.54530e+03 1.03354e+00
6.54569e+03 1.03753e+00
6.54609e+03 1.04218e+00
6.54648e+03 1.04756e+00
6.54687e+03 1.05376e+00
6.54727e+03 1.06084e+00
6.54766e+03 1.06891e+00
6.54806e+03 1.07802e+00
6.54845e+03 1.08824e+00
6.54884e+03 1.09970e+00
6.54924e+03 1.11242e+00
6.54963e+03 1.12629e+00
6.55000e+03 1.13747e+00
6.55002e+03 1.14566e+00
6.55042e+03 1.15831e+00
6.55081e+03 1.17618e+00
6.55121e+03 1.19560e+00
6.55160e+03 1.21662e+00
6.55199e+03 1.23925e+00
6.55239e+03 1.26348e+00
6.55278e+03 1.28929e+00
6.55317e+03 1.31662e+00
6.55357e+03 1.34542e+00
6.55396e+03 1.37558e+00
6.55436e+03 1.40699e+00
6.55475e+03 1.43954e+00
6.55514e+03 1.47301e+00
6.55554e+03 1.50724e+00
6.55593e+03 1.54205e+00
6.55633e+03 1.57716e+00
6.55672e+03 1.61236e+00
6.55711e+03 1.64735e+00
6.55751e+03 1.68189e+00
6.55790e+03 1.71564e+00
6.55829e+03 1.74833e+00
6.55869e+03 1.77971e+00
6.55908e+03 1.80941e+00
6.55948e+03 1.83717e+00
6.55987e+03 1.86273e+00
6.56026e+03 1.88579e+00
6.56066e+03 1.90613e+00
6.56105e+03 1.92351e+00
6.56144e+03 1.93777e+00
6.56184e+03 1.94870e+00
6.56223e+03 1.95620e+00
6.56263e+03 1.96017e+00
6.56302e+03 1.96054e+00
6.56341e+03 1.95732e+00
6.56381e+03 1.95049e+00
6.56420e+03 1.94016e+00
6.56459e+03 1.92640e+00
6.56499e+03 1.90934e+00
6.56538e+03 1.88914e+00
6.56578e+03 1.86600e+00
6.56617e+03 1.84016e+00
6.56656e+03 1.81186e+00
6.56696e+03 1.78136e+00
6.56735e+03 1.74894e+00
6.56775e+03 1.71488e+00
6.56814e+03 1.67951e+00
6.56853e+03 1.64311e+00
6.56893e+03 1.60595e+00
6.56932e+03 1.56834e+00
6.56971e+03 1.53315e+00
6.57000e+03 1.50748e+00
6.57011e+03 1.48739e+00
6.57050e+03 1.45927e+00
6.57090e+03 1.42541e+00
6.57129e+03 1.39233e+00
6.57168e+03 1.36021e+00
6.57208e+03 1.32923e+00
6.57247e+03 1.29949e+00
6.57286e+03 1.27112e+00
6.57326e+03 1.24425e+00
6.57365e+03 1.21889e+00
6.57405e+03 1.19511e+00
6.57444e+03 1.17293e+00
6.57483e+03 1.15236e+00
6.57523e+03 1.13338e+00
6.57562e+03 1.11598e+00
6.57601e+03 1.10010e+00
6.57641e+03 1.08571e+00
6.57680e+03 1.07275e+00
6.57720e+03 1.06113e+00
6.57759e+03 1.05080e+00
6.57798e+03 1.04167e+00
6.57838e+03 1.03368e+00
6.57877e+03 1.02673e+00
6.57916e+03 1.02073e+00
6.57956e+03 1.01562e+00
6.57995e+03 1.01131e+00
6.58035e+03 1.00773e+00
6.58074e+03 1.00482e+00
6.58113e+03 1.00249e+00
6.58153e+03 1.00069e+00
6.58192e+03 9.99365e-01
6.58231e+03 9.98457e-01
6.58271e+03 9.97898e-01
6.58310e+03 9.97689e-01
6.58350e+03 9.97729e-01
6.58389e+03 9.98028e-01
6.58428e+03 9.98537e-01
6.58468e+03 9.99225e-01
6.58507e+03 1.00006e+00
6.58546e+03 1.00104e+00
6.58586e+03 1.00211e+00
6.58625e+03 1.00328e+00
6.58665e+03 1.00454e+00
6.58704e+03 1.00585e+00
6.58743e+03 1.00723e+00
6.58783e+03 1.00865e+00
6.58822e+03 1.01010e+00
6.58862e+03 1.01159e+00
6.58901e+03 1.01311e+00
6.58940e+03 1.01464e+00
6.58980e+03 1.01599e+00
6.59000e+03 1.01690e+00
6.59019e+03 1.01713e+00
6.59058e+03 1.01731e+00
6.59098e+03 1.01754e+00
6.59137e+03 1.01777e+00
6.59177e+03 1.01801e+00
6.59216e+03 1.01826e+00
6.59255e+03 1.01850e+00
6.59295e+03 1.01875e+00
6.59334e+03 1.01898e+00
6.59373e+03 1.01923e+00
6.59413e+03 1.01949e+00
6.59452e+03 1.01975e+00
6.59492e+03 1.02000e+00
6.59531e+03 1.02026e+00
6.59570e+03 1.02051e+00
6.59610e+03 1.02078e+00
6.59649e+03 1.02102e+00
6.59688e+03 1.02128e+00
6.59728e+03 1.02154e+00
6.59767e+03 1.02179e+00
6.59807e+03 1.02206e+00
6.59846e+03 1.02231e+00
6.59885e+03 1.02256e+00
6.59925e+03 1.02282e+00
6.59964e+03 1.02307e+00
6.60004e+03 1.02334e+00
6.60043e+03 1.02359e+00
6.60082e+03 1.02385e+00
6.60122e+03 1.02411e+00
6.60161e+03 1.02436e+00
6.60200e+03 1.02638e+00
6.61000e+03 1.02935e+00
6.63000e+03 1.02540e+00
6.65000e+03 1.02296e+00
6.67000e+03 1.01071e+00
6.69000e+03 1.01440e+00
6.71000e+03 9.95419e-01
6.73000e+03 1.00671e+00
6.75000e+03 1.00053e+00
6.77000e+03 1.00246e+00
6.79000e+03 9.98219e-01
6.81000e+03 1.00264e+00
6.83000e+03 1.00976e+00
6.85000e+03 9.98379e-01
6.87000e+03 1.00875e+00
6.89000e+03 1.02107e+00
6.91000e+03 1.02245e+00
6.93000e+03 1.01985e+00
6.95000e+03 1.02217e+00
6.97000e+03 1.03206e+00
6.99000e+03 1.03136e+00
7.01000e+03 1.02618e+00
7.03000e+03 1.03938e+00
7.05000e+03 1.04186e+00
7.07000e+03 1.01975e+00
7.09000e+03 9.95410e-01
7.11000e+03 9.76982e-01
7.13000e+03 9.62909e-01
7.15000e+03 9.61263e-01
7.17000e+03 9.67594e-01
7.19000e+03 9.57813e-01
7.21000e+03 9.72311e-01
7.23000e+03 9.90812e-01
7.25000e+03 9.99581e-01
7.27000e+03 1.00494e+00
7.29000e+03 1.00213e+00
7.31000e+03 1.02010e+00
7.33000e+03 1.02787e+00
7.35000e+03 1.04007e+00
7.37000e+03 1.05720e+00
7.39000e+03 1.04908e+00
7.41000e+03 1.05039e+00
7.43000e+03 1.06861e+00
7.45000e+03 1.07453e+00
7.47000e+03 1.08671e+00
7.49000e+03 1.08937e+00
7.51000e+03 1.09830e+00
7.53000e+03 1.11154e+00
7.55000e+03 1.11861e+00
7.57000e+03 1.11479e+00
7.59000e+03 1.09771e+00
7.61000e+03 1.07892e+00
7.63000e+03 1.05779e+00
7.65000e+03 1.03471e+00
7.67000e+03 1.00442e+00
7.69000e+03 1.01208e+00
7.71000e+03 1.00288e+00
7.73000e+03 1.00246e+00
7.75000e+03 9.99787e-01
7.77000e+03 1.00822e+00
7.79000e+03 1.01406e+00
7.81000e+03 1.01414e+00
7.83000e+03 1.00783e+00
7.85000e+03 1.00178e+00
7.87000e+03 1.00985e+00
7.89000e+03 1.00198e+00
7.91000e+03 9.87478e-01
7.93000e+03 9.87129e-01
7.95000e+03 9.87058e-01
7.97000e+03 1.00595e+00
7.99000e+03 1.01131e+00
8.01000e+03 1.01913e+00
8.03000e+03 1.02283e+00
8.05000e+03 1.02478e+00
8.07000e+03 1.03338e+00
8.09000e+03 1.03121e+00
8.11000e+03 1.04048e+00
8.13000e+03 1.06056e+00
8.15000e+03 1.07209e+00
8.17000e+03 1.07530e+00
8.19000e+03 1.05521e+00
8.21000e+03 1.04152e+00
8.23000e+03 1.04169e+00
8.25000e+03 1.04156e+00
8.27000e+03 1.04552e+00
8.29000e+03 1.03589e+00
8.31000e+03 1.01349e+00
8.33000e+03 1.00427e+00
8.35000e+03 1.00418e+00
8.37000e+03 1.00294e+00
8.39000e+03 9.85808e-01
8.41000e+03 9.96513e-01
8.43000e+03 9.68760e-01
8.45000e+03 9.50149e-01
8.47000e+03 9.47592e-01
8.49000e+03 9.51465e-01
8.51000e+03 9.28775e-01
8.53000e+03 9.47448e-01
8.55000e+03 9.17744e-01
8.57000e+03 9.69175e-01
8.59000e+03 9.68409e-01
8.61000e+03 9.74623e-01
8.63000e+03 9.93973e-01
8.65000e+03 9.87689e-01
8.67000e+03 9.35445e-01
8.69000e+03 9.77149e-01
8.71000e+03 1.00702e+00
8.73000e+03 1.00992e+00
8.75000e+03 9.96156e-01
8.77000e+03 1.01552e+00
8.79000e+03 1.02807e+00
8.81000e+03 1.01928e+00
8.83000e+03 1.02106e+00
8.85000e+03 1.00816e+00
8.87000e+03 9.77845e-01
8.89000e+03 9.94104e-01
8.91000e+03 1.00429e+00
8.93000e+03 9.96072e-01
8.95000e+03 9.95530e-01
8.97000e+03 9.97457e-01
8.99000e+03 9.91737e-01
9.01000e+03 9.65861e-01
9.03000e+03 9.92499e-01
9.05000e+03 1.02158e+00
9.07000e+03 1.02504e+00
9.09000e+03 1.01499e+00
9.11000e+03 1.02311e+00
9.13000e+03 1.03309e+00
9.15000e+03 1.03039e+00
9.17000e+03 1.02956e+00
9.19000e+03 1.02988e+00
9.21000e+03 9.99824e-01
9.23000e+03 9.69326e-01
9.25000e+03 9.75814e-01
9.27000e+03 9.83651e-01
9.29000e+03 9.78415e-01
9.31000e+03 9.81278e-01
9.33000e+03 9.82697e-01
9.35000e+03 9.78054e-01
9.37000e+03 9.69656e-01
9.39000e+03 9.76978e-01
9.41000e+03 9.69912e-01
9.43000e+03 9.80667e-01
9.45000e+03 9.76724e-01
9.47000e+03 9.87687e-01
9.49000e+03 9.87916e-01
9.51000e+03 9.76803e-01
9.53000e+03 9.70555e-01
9.55000e+03 9.51878e-01
9.57000e+03 9.68580e-01
9.59000e+03 9.83303e-01
9.61000e+03 9.78770e-01
9.63000e+03 9.79289e-01
9.65000e+03 9.69071e-01
9.67000e+03 9.69008e-01
9.69000e+03 9.76020e-01
9.71000e+03 9.67394e-01
9.73000e+03 9.59595e-01
9.75000e+03 9.57061e-01
9.77000e+03 9.57606e-01
9.79000e+03 9.51985e-01
9.81000e+03 9.62740e-01
9.83000e+03 9.59943e-01
9.85000e+03 9.61552e-01
9.87000e+03 9.57572e-01
9.89000e+03 9.55314e-01
9.91000e+03 9.51781e-01
9.93000e+03 9.53592e-01
9.95000e+03 9.54517e-01
9.97000e+03 9.53951e-01
9.99000e+03 9.50990e-01
1.00250e+04 9.42839e-01
1.00750e+04 9.33674e-01
1.01250e+04 9.41053e-01
1.01750e+04 9.36002e-01
1.02250e+04 9.35032e-01
1.02750e+04 9.33748e-01
1.03250e+04 9.24590e-01
1.03750e+04 9.19024e-01
1.04250e+04 9.18040e-01
1.04750e+04 9.09580e-01
1.05250e+04 9.02551e-01
1.05750e+04 8.91299e-01
1.06250e+04 8.83590e-01
1.06750e+04 8.76346e-01
1.07250e+04 8.76474e-01
1.07750e+04 8.70675e-01
1.08250e+04 8.61627e-01
1.08750e+04 8.56765e-01
1.09250e+04 8.47650e-01
1.09750e+04 8.44939e-01
1.10250e+04 8.43689e-01
1.10750e+04 8.37478e-01
1.11250e+04 8.33803e-01
1.11750e+04 8.29538e-01
1.12250e+04 8.27902e-01
1.12750e+04 8.21501e-01
1.13250e+04 8.19225e-01
1.13750e+04 8.15017e-01
1.14250e+04 8.10566e-01
1.14750e+04 8.14826e-01
1.15250e+04 8.13714e-01
1.15750e+04 8.07492e-01
1.16250e+04 8.00168e-01
1.16750e+04 7.99947e-01
1.17250e+04 8.00956e-01
1.17750e+04 7.91823e-01
1.18250e+04 7.86011e-01
1.18750e+04 7.80215e-01
1.19250e+04 7.84183e-01
1.19750e+04 7.73134e-01
1.20250e+04 7.78763e-01
1.20750e+04 7.77153e-01
1.21250e+04 7.77991e-01
1.21750e+04 7.79098e-01
1.22250e+04 7.76758e-01
1.22750e+04 7.73459e-01
1.23250e+04 7.70933e-01
1.23750e+04 7.69033e-01
1.24250e+04 7.64328e-01
1.24750e+04 7.62412e-01
1.25250e+04 7.58765e-01
1.25750e+04 7.57141e-01
1.26250e+04 7.54506e-01
1.26750e+04 7.51210e-01
1.27250e+04 7.50600e-01
1.27750e+04 7.46132e-01
1.28250e+04 7.28769e-01
1.28750e+04 7.38222e-01
1.29250e+04 7.37736e-01
1.29750e+04 7.40104e-01
1.30250e+04 7.36157e-01
1.30750e+04 7.34522e-01
1.31250e+04 7.25762e-01
1.31750e+04 7.22544e-01
1.32250e+04 7.20868e-01
1.32750e+04 7.13705e-01
1.33250e+04 7.11840e-01
1.33750e+04 7.07750e-01
1.34250e+04 7.07140e-01
1.34750e+04 7.03188e-01
1.35250e+04 6.98408e-01
1.35750e+04 6.91331e-01
1.36250e+04 6.87699e-01
1.36750e+04 6.88300e-01
1.37250e+04 6.88293e-01
1.37750e+04 6.86402e-01
1.38250e+04 6.84732e-01
1.38750e+04 6.77549e-01
1.39250e+04 6.61456e-01
1.39750e+04 6.55461e-01
1.40250e+04 6.50764e-01
1.40750e+04 6.51200e-01
1.41250e+04 6.47018e-01
1.41750e+04 6.47464e-01
1.42250e+04 6.41800e-01
1.42750e+04 6.35921e-01
1.43250e+04 6.40068e-01
1.43750e+04 6.40511e-01
1.44250e+04 6.32393e-01
1.44750e+04 6.35475e-01
1.45250e+04 6.31955e-01
1.45700e+04 6.31174e-01
1.46200e+04 6.23756e-01
1.46750e+04 6.19119e-01
1.47250e+04 6.14829e-01
1.47750e+04 6.15646e-01
1.48250e+04 6.15708e-01
1.48750e+04 6.12446e-01
1.49250e+04 6.18507e-01
1.49750e+04 6.15291e-01
1.50250e+04 6.08912e-01
1.50750e+04 6.09099e-01
1.51250e+04 6.14945e-01
1.51750e+04 6.16132e-01
1.52250e+04 6.15935e-01
1.52750e+04 6.16238e-01
1.53250e+04 6.14805e-01
1.53750e+04 6.13800e-01
1.54250e+04 6.10393e-01
1.54750e+04 6.10700e-01
1.55250e+04 6.05808e-01
1.55750e+04 5.95183e-01
1.56250e+04 5.98064e-01
1.56750e+04 5.96870e-01
1.57250e+04 5.97811e-01
1.57750e+04 5.82521e-01
1.58250e+04 5.80841e-01
1.58750e+04 5.78291e-01
1.59250e+04 5.89580e-01
1.59750e+04 5.86913e-01
1.60500e+04 5.89130e-01
1.61500e+04 5.89542e-01
1.62500e+04 5.85592e-01
1.63500e+04 5.87718e-01
1.64500e+04 5.76008e-01
1.65500e+04 5.80023e-01
1.66500e+04 5.73295e-01
1.67500e+04 5.66425e-01
1.68500e+04 5.58531e-01
1.69500e+04 5.58887e-01
1.70500e+04 5.51302e-01
1.71500e+04 5.44112e-01
1.72500e+04 5.34174e-01
1.73500e+04 5.21089e-01
1.74500e+04 5.16730e-01
1.75500e+04 5.09881e-01
1.76500e+04 5.01150e-01
1.77500e+04 4.91406e-01
1.78500e+04 4.83705e-01
1.79500e+04 4.74303e-01
1.80500e+04 4.64359e-01
1.81500e+04 4.54524e-01
1.82500e+04 4.50752e-01
1.83500e+04 4.45787e-01
1.84500e+04 4.37826e-01
1.85500e+04 4.31736e-01
1.86500e+04 4.22121e-01
1.87500e+04 4.11261e-01
1.88500e+04 4.09516e-01
1.89500e+04 4.00888e-01
1.90500e+04 3.99289e-01
1.91500e+04 3.93570e-01
1.92500e+04 3.87426e-01
1.93500e+04 3.78289e-01
1.94500e+04 3.68425e-01
1.95500e+04 3.66116e-01
1.96500e+04 3.60412e-01
1.97500e+04 3.52841e-01
1.98500e+04 3.47688e-01
1.99500e+04 3.43073e-01
2.00500e+04 3.39519e-01
2.01500e+04 3.34504e-01
2.02500e+04 3.27988e-01
2.03500e+04 3.23594e-01
2.04500e+04 3.20736e-01
2.05500e+04 3.16038e-01
2.06500e+04 3.11430e-01
2.07500e+04 3.07643e-01
2.08500e+04 3.03226e-01
2.09500e+04 2.98552e-01
2.10500e+04 2.95856e-01
2.11500e+04 2.91374e-01
2.12500e+04 2.87482e-01
2.13500e+04 2.84583e-01
2.14500e+04 2.80641e-01
2.15500e+04 2.75960e-01
2.16500e+04 2.69882e-01
2.17500e+04 2.67564e-01
2.18500e+04 2.64908e-01
2.19500e+04 2.61651e-01
2.20500e+04 2.57202e-01
2.21500e+04 2.55246e-01
2.22500e+04 2.51005e-01
2.23500e+04 2.47941e-01
2.24500e+04 2.45008e-01
2.25500e+04 2.42041e-01
2.26500e+04 2.38317e-01
2.27500e+04 2.36097e-01
2.28500e+04 2.29417e-01
2.29500e+04 2.10372e-01
2.30500e+04 2.13345e-01
2.31500e+04 2.10571e-01
2.32500e+04 1.95228e-01
2.33500e+04 1.98785e-01
2.34500e+04 1.94361e-01
2.35500e+04 1.83174e-01
2.36500e+04 1.87673e-01
2.37500e+04 1.83851e-01
2.38500e+04 1.74730e-01
2.39500e+04 1.78047e-01
2.40500e+04 1.75938e-01
2.41500e+04 1.68040e-01
2.42500e+04 1.69726e-01
2.43500e+04 1.67497e-01
2.44500e+04 1.61932e-01
2.45500e+04 1.60023e-01
2.46500e+04 1.60161e-01
2.47500e+04 1.55629e-01
2.48500e+04 1.48627e-01
2.49500e+04 1.47336e-01
2.50500e+04 1.47799e-01
2.51500e+04 1.42978e-01
2.52500e+04 1.43550e-01
2.53500e+04 1.43629e-01
2.54500e+04 1.41795e-01
2.55500e+04 1.40799e-01
2.56500e+04 1.40476e-01
2.57500e+04 1.40747e-01
2.58500e+04 1.38076e-01
2.59500e+04 1.38130e-01
2.60500e+04 1.38045e-01
2.61500e+04 1.35892e-01
2.62500e+04 1.34102e-01
2.63500e+04 1.34694e-01
2.64500e+04 1.34039e-01
2.65500e+04 1.32656e-01
2.66500e+04 1.30950e-01
2.67500e+04 1.31085e-01
2.68500e+04 1.30476e-01
2.69500e+04 1.28708e-01
2.70500e+04 1.28369e-01
2.71500e+04 1.27525e-01
2.72500e+04 1.26828e-01
2.73500e+04 1.25206e-01
2.74500e+04 1.24564e-01
2.75500e+04 1.23446e-01
2.76500e+04 1.22449e-01
2.77500e+04 1.21330e-01
2.78500e+04 1.20978e-01
2.79500e+04 1.20413e-01
2.80500e+04 1.19195e-01
2.81500e+04 1.17964e-01
2.82500e+04 1.17282e-01
2.83500e+04 1.16455e-01
2.84500e+04 1.15343e-01
2.85500e+04 1.14077e-01
2.86500e+04 1.12764e-01
2.87500e+04 1.11105e-01
2.88500e+04 1.10289e-01
2.89500e+04 1.09307e-01
2.90500e+04 1.08250e-01
2.91500e+04 1.07085e-01
2.92500e+04 1.05547e-01
2.93500e+04 1.04801e-01
2.94500e+04 1.03546e-01
2.95500e+04 1.02544e-01
2.96500e+04 1.01595e-01
2.97500e+04 1.00430e-01
2.98500e+04 9.93210e-02
2.99500e+04 9.82483e-02
3.00500e+04 9.71814e-02
3.01500e+04 9.63581e-02
3.02500e+04 9.50891e-02
3.03500e+04 9.36649e-02
3.04500e+04 9.32060e-02
3.05500e+04 9.23606e-02
3.06500e+04 9.15238e-02
3.07500e+04 9.06708e-02
3.08500e+04 8.96446e-02
3.09500e+04 8.89548e-02
3.10500e+04 8.81757e-02
3.11500e+04 8.69994e-02
3.12500e+04 8.63510e-02
3.13500e+04 8.55080e-02
3.14500e+04 8.46811e-02
3.15500e+04 8.38218e-02
3.16500e+04 8.29026e-02
3.17500e+04 8.21587e-02
3.18500e+04 8.13915e-02
3.19500e+04 8.06236e-02
3.21000e+04 7.94024e-02
3.23000e+04 7.78754e-02
3.25000e+04 7.63464e-02
3.27000e+04 7.47231e-02
3.29000e+04 7.29609e-02
3.31000e+04 7.16827e-02
3.33000e+04 7.03430e-02
3.35000e+04 6.90057e-02
3.37000e+04 6.75842e-02
3.39000e+04 6.61961e-02
3.41000e+04 6.48309e-02
3.43000e+04 6.36280e-02
3.45000e+04 6.23976e-02
3.47000e+04 6.11256e-02
3.49000e+04 5.99068e-02
3.51000e+04 5.87220e-02
3.53000e+04 5.74884e-02
3.55000e+04 5.63636e-02
3.57000e+04 5.52079e-02
3.59000e+04 5.41229e-02
3.61000e+04 5.31427e-02
3.63000e+04 5.20841e-02
3.65000e+04 5.09931e-02
3.67000e+04 4.99691e-02
3.69000e+04 4.88809e-02
3.71000e+04 4.79222e-02
3.73000e+04 4.69780e-02
3.75000e+04 4.59060e-02
3.77000e+04 4.51901e-02
3.79000e+04 4.43373e-02
3.81000e+04 4.35313e-02
3.83000e+04 4.27558e-02
3.85000e+04 4.19682e-02
3.87000e+04 4.10921e-02
3.89000e+04 4.03218e-02
3.91000e+04 3.95354e-02
3.93000e+04 3.88404e-02
3.95000e+04 3.80316e-02
3.97000e+04 3.73205e-02
3.99000e+04 3.65438e-02
4.01000e+04 3.59136e-02
4.03000e+04 3.52576e-02
4.05000e+04 3.45012e-02
4.07000e+04 3.39788e-02
4.09000e+04 3.33906e-02
4.11000e+04 3.28154e-02
4.13000e+04 3.22260e-02
4.15000e+04 3.16164e-02
4.17000e+04 3.09946e-02
4.19000e+04 3.04957e-02
4.21000e+04 2.99385e-02
4.23000e+04 2.94800e-02
4.25000e+04 2.89434e-02
4.27000e+04 2.83606e-02
4.29000e+04 2.71541e-02
4.31000e+04 2.60332e-02
4.33000e+04 2.56710e-02
4.35000e+04 2.47070e-02
4.37000e+04 2.40058e-02
4.39000e+04 2.34773e-02
4.41000e+04 2.26720e-02
4.43000e+04 2.22549e-02
4.45000e+04 2.18090e-02
4.47000e+04 2.11994e-02
4.49000e+04 2.09859e-02
4.51000e+04 2.05260e-02
4.53000e+04 2.00433e-02
4.55000e+04 1.98639e-02
4.57000e+04 1.95848e-02
4.59000e+04 1.90682e-02
4.61000e+04 1.89442e-02
4.63000e+04 1.86335e-02
4.65000e+04 1.83304e-02
4.67000e+04 1.81732e-02
4.69000e+04 1.79064e-02
4.71000e+04 1.76222e-02
4.73000e+04 1.75080e-02
4.75000e+04 1.71847e-02
4.77000e+04 1.69534e-02
4.79000e+04 1.67359e-02
4.81000e+04 1.64250e-02
4.83000e+04 1.63398e-02
4.85000e+04 1.60662e-02
4.87000e+04 1.57712e-02
4.89000e+04 1.55460e-02
4.91000e+04 1.53371e-02
4.93000e+04 1.51093e-02
4.95000e+04 1.48682e-02
4.97000e+04 1.47209e-02
4.99000e+04 1.44957e-02
5.01000e+04 1.43168e-02
5.03000e+04 1.41136e-02
5.05000e+04 1.38608e-02
5.07000e+04 1.37069e-02
5.09000e+04 1.35272e-02
5.11000e+04 1.33061e-02
5.13000e+04 1.31388e-02
5.15000e+04 1.29733e-02
5.17000e+04 1.28675e-02
5.19000e+04 1.26671e-02
5.21000e+04 1.25019e-02
5.23000e+04 1.23125e-02
5.25000e+04 1.21912e-02
5.27000e+04 1.20833e-02
5.29000e+04 1.18478e-02
5.31000e+04 1.16801e-02
5.33000e+04 1.15584e-02
5.35000e+04 1.14148e-02
5.37000e+04 1.12788e-02
5.39000e+04 1.11414e-02
5.41000e+04 1.09951e-02
5.43000e+04 1.08234e-02
5.45000e+04 1.07279e-02
5.47000e+04 1.05735e-02
5.49000e+04 1.04466e-02
5.51000e+04 1.03233e-02
5.53000e+04 1.02697e-02
5.55000e+04 1.00722e-02
5.57000e+04 9.99187e-03
5.59000e+04 9.85216e-03
5.61000e+04 9.74703e-03
5.63000e+04 9.59875e-03
5.65000e+04 9.51652e-03
5.67000e+04 9.39807e-03
5.69000e+04 9.25445e-03
5.71000e+04 9.18172e-03
5.73000e+04 9.07343e-03
5.75000e+04 8.96090e-03
5.77000e+04 8.84865e-03
5.79000e+04 8.76342e-03
5.81000e+04 8.64226e-03
5.83000e+04 8.54170e-03
5.85000e+04 8.44105e-03
5.87000e+04 8.32105e-03
5.89000e+04 8.22039e-03
5.91000e+04 8.11408e-03
5.93000e+04 8.03806e-03
5.95000e+04 7.93888e-03
5.97000e+04 7.85937e-03
5.99000e+04 7.76833e-03
6.01000e+04 7.67629e-03
6.03000e+04 7.58222e-03
6.05000e+04 7.47833e-03
6.07000e+04 7.39018e-03
6.09000e+04 7.30184e-03
6.11000e+04 7.21067e-03
6.13000e+04 7.13506e-03
6.15000e+04 7.05829e-03
6.17000e+04 6.98414e-03
6.19000e+04 6.90213e-03
6.21000e+04 6.82446e-03
6.23000e+04 6.73599e-03
6.25000e+04 6.64798e-03
6.27000e+04 6.57108e-03
6.29000e+04 6.49788e-03
6.31000e+04 6.42278e-03
6.33000e+04 6.35794e-03
6.35000e+04 6.28125e-03
6.37000e+04 6.21684e-03
6.39000e+04 6.13250e-03
6.42000e+04 6.02943e-03
6.46000e+04 5.89362e-03
6.50000e+04 5.76076e-03
6.54000e+04 5.63038e-03
6.58000e+04 5.50685e-03
6.62000e+04 5.38146e-03
6.66000e+04 5.26180e-03
6.70000e+04 5.14598e-03
6.74000e+04 5.02998e-03
6.78000e+04 4.91891e-03
6.82000e+04 4.81061e-03
6.86000e+04 4.70677e-03
6.90000e+04 4.60340e-03
6.94000e+04 4.50348e-03
6.98000e+04 4.40639e-03
7.02000e+04 4.31072e-03
7.06000e+04 4.21953e-03
7.10000e+04 4.12931e-03
7.14000e+04 4.04202e-03
7.18000e+04 3.95625e-03
7.22000e+04 3.87348e-03
7.26000e+04 3.79189e-03
7.30000e+04 3.71294e-03
7.34000e+04 3.63548e-03
7.38000e+04 3.56069e-03
7.42000e+04 3.48508e-03
7.46000e+04 3.40830e-03
7.50000e+04 3.33965e-03
7.54000e+04 3.27654e-03
7.58000e+04 3.21288e-03
7.62000e+04 3.14875e-03
7.66000e+04 3.08591e-03
7.70000e+04 3.02435e-03
7.74000e+04 2.96477e-03
7.78000e+04 2.90660e-03
7.82000e+04 2.84938e-03
7.86000e+04 2.79400e-03
7.90000e+04 2.73978e-03
7.94000e+04 2.68685e-03
7.98000e+04 2.63516e-03
8.02000e+04 2.58413e-03
8.06000e+04 2.53480e-03
8.10000e+04 2.48728e-03
8.14000e+04 2.44017e-03
8.18000e+04 2.39475e-03
8.22000e+04 2.35004e-03
8.26000e+04 2.30621e-03
8.30000e+04 2.26346e-03
8.34000e+04 2.22146e-03
8.38000e+04 2.18065e-03
8.42000e+04 2.14120e-03
8.46000e+04 2.10210e-03
8.50000e+04 2.06404e-03
8.54000e+04 2.02686e-03
8.58000e+04 1.99058e-03
8.62000e+04 1.95523e-03
8.66000e+04 1.92048e-03
8.70000e+04 1.88643e-03
8.74000e+04 1.85322e-03
8.78000e+04 1.82060e-03
8.82000e+04 1.78857e-03
8.86000e+04 1.75744e-03
8.90000e+04 1.72698e-03
8.94000e+04 1.69735e-03
8.98000e+04 1.66783e-03
9.02000e+04 1.63969e-03
9.06000e+04 1.61182e-03
9.10000e+04 1.58397e-03
9.14000e+04 1.55754e-03
9.18000e+04 1.53160e-03
9.22000e+04 1.50618e-03
9.26000e+04 1.48108e-03
9.30000e+04 1.45644e-03
9.34000e+04 1.43225e-03
9.38000e+04 1.40872e-03
9.42000e+04 1.38561e-03
9.46000e+04 1.36290e-03
9.50000e+04 1.34077e-03
9.54000e+04 1.31919e-03
9.58000e+04 1.29792e-03
9.62000e+04 1.27700e-03
9.66000e+04 1.25665e-03
9.70000e+04 1.23658e-03
9.74000e+04 1.21653e-03
9.78000e+04 1.19753e-03
9.82000e+04 1.17887e-03
9.86000e+04 1.16044e-03
9.90000e+04 1.14240e-03
9.94000e+04 1.12451e-03
9.98000e+04 1.10707e-03
1.00200e+05 8.90484e-04
2.00000e+05 8.02242e-05
4.00000e+05 6.01290e-06
6.00000e+05 1.02055e-06
8.00000e+05 3.11961e-07
1.00000e+06 1.26967e-07
1.20000e+06 6.16156e-08
1.40000e+06 3.37214e-08
1.60000e+06 2.13072e-08
