9.10000e+01 0.00000e+00
9.40000e+01 0.00000e+00
9.60000e+01 0.00000e+00
9.80000e+01 0.00000e+00
1.00000e+02 0.00000e+00
1.02000e+02 0.00000e+00
1.04000e+02 0.00000e+00
1.06000e+02 0.00000e+00
1.08000e+02 0.00000e+00
1.10000e+02 0.00000e+00
1.14000e+02 0.00000e+00
1.18000e+02 0.00000e+00
1.21000e+02 0.00000e+00
1.25000e+02 0.00000e+00
1.27000e+02 0.00000e+00
1.28000e+02 0.00000e+00
1.31000e+02 0.00000e+00
1.32000e+02 0.00000e+00
1.34000e+02 0.00000e+00
1.37000e+02 0.00000e+00
1.40000e+02 0.00000e+00
1.43000e+02 0.00000e+00
1.47000e+02 0.00000e+00
1.51000e+02 0.00000e+00
1.55000e+02 0.00000e+00
1.59000e+02 0.00000e+00
1.62000e+02 0.00000e+00
1.66000e+02 0.00000e+00
1.70000e+02 0.00000e+00
1.73000e+02 0.00000e+00
1.77000e+02 0.00000e+00
1.80000e+02 0.00000e+00
1.82000e+02 0.00000e+00
1.86000e+02 0.00000e+00
1.91000e+02 0.00000e+00
1.94000e+02 0.00000e+00
1.98000e+02 0.00000e+00
2.02000e+02 0.00000e+00
2.05000e+02 0.00000e+00
2.10000e+02 0.00000e+00
2.16000e+02 0.00000e+00
2.20000e+02 0.00000e+00
2.23000e+02 0.00000e+00
2.27000e+02 0.00000e+00
2.30000e+02 0.00000e+00
2.34000e+02 0.00000e+00
2.40000e+02 0.00000e+00
2.46000e+02 0.00000e+00
2.52000e+02 0.00000e+00
2.57000e+02 0.00000e+00
2.60000e+02 0.00000e+00
2.64000e+02 0.00000e+00
2.69000e+02 0.00000e+00
2.74000e+02 0.00000e+00
2.79000e+02 0.00000e+00
2.84000e+02 0.00000e+00
2.90000e+02 0.00000e+00
2.96000e+02 0.00000e+00
3.01000e+02 0.00000e+00
3.08000e+02 0.00000e+00
3.18000e+02 0.00000e+00
3.28000e+02 0.00000e+00
3.38000e+02 0.00000e+00
3.48000e+02 0.00000e+00
3.57000e+02 0.00000e+00
3.66000e+02 0.00000e+00
3.75000e+02 0.00000e+00
3.85000e+02 0.00000e+00
3.95000e+02 0.00000e+00
4.05000e+02 0.00000e+00
4.14000e+02 0.00000e+00
4.22000e+02 0.00000e+00
4.30000e+02 0.00000e+00
4.41000e+02 0.00000e+00
4.51000e+02 0.00000e+00
4.60000e+02 0.00000e+00
4.70000e+02 0.00000e+00
4.80000e+02 0.00000e+00
4.90000e+02 0.00000e+00
5.00000e+02 0.00000e+00
5.06000e+02 0.00000e+00
5.12000e+02 0.00000e+00
5.20000e+02 0.00000e+00
5.30000e+02 0.00000e+00
5.40000e+02 0.00000e+00
5.50000e+02 0.00000e+00
5.60000e+02 0.00000e+00
5.70000e+02 0.00000e+00
5.80000e+02 0.00000e+00
5.90000e+02 0.00000e+00
6.00000e+02 0.00000e+00
6.10000e+02 0.00000e+00
6.20000e+02 0.00000e+00
6.30000e+02 0.00000e+00
6.40000e+02 0.00000e+00
6.50000e+02 0.00000e+00
6.58000e+02 0.00000e+00
6.65000e+02 0.00000e+00
6.75000e+02 0.00000e+00
6.85000e+02 0.00000e+00
6.95000e+02 0.00000e+00
7.05000e+02 0.00000e+00
7.16000e+02 0.00000e+00
7.26000e+02 0.00000e+00
7.35000e+02 0.00000e+00
7.45000e+02 0.00000e+00
7.55000e+02 0.00000e+00
7.65000e+02 0.00000e+00
7.75000e+02 0.00000e+00
7.85000e+02 0.00000e+00
7.95000e+02 0.00000e+00
8.05000e+02 0.00000e+00
8.15000e+02 0.00000e+00
8.25000e+02 0.00000e+00
8.35000e+02 0.00000e+00
8.45000e+02 0.00000e+00
8.55000e+02 0.00000e+00
8.65000e+02 0.00000e+00
8.75000e+02 0.00000e+00
8.85000e+02 0.00000e+00
8.95000e+02 0.00000e+00
9.05000e+02 0.00000e+00
9.15000e+02 1.67298e+26
9.25000e+02 4.66791e+26
9.35000e+02 9.22677e+26
9.45000e+02 1.99011e+27
9.55000e+02 3.52256e+27
9.65000e+02 4.65636e+27
9.75000e+02 1.14903e+27
9.85000e+02 6.36655e+27
9.95000e+02 6.92765e+27
1.00500e+03 9.02062e+27
1.01500e+03 8.06917e+27
1.02500e+03 2.51026e+27
1.03500e+03 6.70658e+27
1.04500e+03 1.35763e+28
1.05500e+03 1.44680e+28
1.06500e+03 1.30944e+28
1.07500e+03 1.57946e+28
1.08500e+03 1.42787e+28
1.09500e+03 1.79921e+28
1.10500e+03 1.79230e+28
1.11500e+03 1.85281e+28
1.12500e+03 1.80433e+28
1.13500e+03 2.20149e+28
1.14500e+03 2.15858e+28
1.15500e+03 2.35935e+28
1.16500e+03 2.56511e+28
1.17500e+03 2.16513e+28
1.18500e+03 2.79227e+28
1.19500e+03 2.25452e+28
1.20500e+03 1.70647e+28
1.20872e+03 3.16931e+28
1.20880e+03 3.27295e+28
1.20887e+03 3.31180e+28
1.20894e+03 3.35191e+28
1.20902e+03 3.39333e+28
1.20909e+03 3.43639e+28
1.20916e+03 3.48117e+28
1.20923e+03 3.52784e+28
1.20931e+03 3.57652e+28
1.20938e+03 3.62757e+28
1.20945e+03 3.68116e+28
1.20953e+03 3.73744e+28
1.20960e+03 3.79686e+28
1.20967e+03 3.85957e+28
1.20975e+03 3.92584e+28
1.20982e+03 3.99615e+28
1.20989e+03 4.07075e+28
1.20996e+03 4.14998e+28
1.21004e+03 4.23432e+28
1.21011e+03 4.32419e+28
1.21018e+03 4.41996e+28
1.21026e+03 4.52206e+28
1.21033e+03 4.63114e+28
1.21040e+03 4.74764e+28
1.21047e+03 4.87200e+28
1.21055e+03 5.00497e+28
1.21062e+03 5.14707e+28
1.21069e+03 5.29878e+28
1.21077e+03 5.46096e+28
1.21084e+03 5.63418e+28
1.21091e+03 5.81898e+28
1.21099e+03 6.01628e+28
1.21106e+03 6.22676e+28
1.21113e+03 6.45100e+28
1.21120e+03 6.68969e+28
1.21128e+03 6.94377e+28
1.21135e+03 7.21391e+28
1.21142e+03 7.50069e+28
1.21150e+03 7.80514e+28
1.21157e+03 8.12785e+28
1.21164e+03 8.46939e+28
1.21172e+03 8.83073e+28
1.21179e+03 9.21251e+28
1.21186e+03 9.61498e+28
1.21193e+03 1.00395e+29
1.21201e+03 1.04862e+29
1.21208e+03 1.09556e+29
1.21215e+03 1.14478e+29
1.21223e+03 1.19640e+29
1.21230e+03 1.25040e+29
1.21237e+03 1.30684e+29
1.21244e+03 1.36573e+29
1.21252e+03 1.42707e+29
1.21259e+03 1.49086e+29
1.21266e+03 1.55713e+29
1.21274e+03 1.62583e+29
1.21281e+03 1.69692e+29
1.21288e+03 1.77040e+29
1.21296e+03 1.84625e+29
1.21303e+03 1.92432e+29
1.21310e+03 2.00454e+29
1.21317e+03 2.08689e+29
1.21325e+03 2.17122e+29
1.21332e+03 2.25739e+29
1.21339e+03 2.34537e+29
1.21347e+03 2.43491e+29
1.21354e+03 2.52591e+29
1.21361e+03 2.61822e+29
1.21369e+03 2.71168e+29
1.21376e+03 2.80601e+29
1.21383e+03 2.90103e+29
1.21390e+03 2.99657e+29
1.21398e+03 3.09237e+29
1.21405e+03 3.18819e+29
1.21412e+03 3.28383e+29
1.21420e+03 3.37900e+29
1.21427e+03 3.47343e+29
1.21434e+03 3.56690e+29
1.21441e+03 3.65913e+29
1.21449e+03 3.74979e+29
1.21456e+03 3.83869e+29
1.21463e+03 3.92558e+29
1.21471e+03 4.01005e+29
1.21478e+03 4.09188e+29
1.21485e+03 4.17089e+29
1.21493e+03 4.24709e+29
1.21500e+03 4.31992e+29
1.21507e+03 4.38294e+29
1.21514e+03 4.44211e+29
1.21522e+03 4.49744e+29
1.21529e+03 4.54851e+29
1.21536e+03 4.59504e+29
1.21544e+03 4.63686e+29
1.21551e+03 4.67384e+29
1.21558e+03 4.70582e+29
1.21566e+03 4.73262e+29
1.21573e+03 4.75414e+29
1.21580e+03 4.77035e+29
1.21587e+03 4.78111e+29
1.21595e+03 4.78638e+29
1.21602e+03 4.78617e+29
1.21609e+03 4.78044e+29
1.21617e+03 4.76918e+29
1.21624e+03 4.75246e+29
1.21631e+03 4.73032e+29
1.21638e+03 4.70286e+29
1.21646e+03 4.67012e+29
1.21653e+03 4.63225e+29
1.21660e+03 4.58940e+29
1.21668e+03 4.54169e+29
1.21675e+03 4.48932e+29
1.21682e+03 4.43245e+29
1.21690e+03 4.37131e+29
1.21697e+03 4.30608e+29
1.21704e+03 4.23699e+29
1.21711e+03 4.16435e+29
1.21719e+03 4.08828e+29
1.21726e+03 4.00912e+29
1.21733e+03 3.92715e+29
1.21741e+03 3.84256e+29
1.21748e+03 3.75564e+29
1.21755e+03 3.66672e+29
1.21763e+03 3.57607e+29
1.21770e+03 3.48389e+29
1.21777e+03 3.39052e+29
1.21784e+03 3.29622e+29
1.21792e+03 3.20119e+29
1.21799e+03 3.10575e+29
1.21806e+03 3.01019e+29
1.21814e+03 2.91463e+29
1.21821e+03 2.81939e+29
1.21828e+03 2.72472e+29
1.21835e+03 2.63073e+29
1.21843e+03 2.53765e+29
1.21850e+03 2.44575e+29
1.21857e+03 2.35521e+29
1.21865e+03 2.26608e+29
1.21872e+03 2.17859e+29
1.21879e+03 2.09292e+29
1.21887e+03 2.00909e+29
1.21894e+03 1.92726e+29
1.21901e+03 1.84757e+29
1.21908e+03 1.77006e+29
1.21916e+03 1.69478e+29
1.21923e+03 1.62185e+29
1.21930e+03 1.55134e+29
1.21938e+03 1.48321e+29
1.21945e+03 1.41752e+29
1.21952e+03 1.35433e+29
1.21960e+03 1.29355e+29
1.21967e+03 1.23524e+29
1.21974e+03 1.17942e+29
1.21981e+03 1.12597e+29
1.21989e+03 1.07492e+29
1.21996e+03 1.02626e+29
1.22003e+03 9.79889e+28
1.22011e+03 9.35769e+28
1.22018e+03 8.93879e+28
1.22025e+03 8.54166e+28
1.22032e+03 8.16527e+28
1.22040e+03 7.80910e+28
1.22047e+03 7.47275e+28
1.22054e+03 7.15510e+28
1.22062e+03 6.85559e+28
1.22069e+03 6.57368e+28
1.22076e+03 6.30832e+28
1.22084e+03 6.05887e+28
1.22091e+03 5.82479e+28
1.22098e+03 5.60504e+28
1.22105e+03 5.39894e+28
1.22113e+03 5.20592e+28
1.22120e+03 5.02531e+28
1.22127e+03 4.85623e+28
1.22135e+03 4.69805e+28
1.22142e+03 4.55028e+28
1.22149e+03 4.41206e+28
1.22157e+03 4.28286e+28
1.22164e+03 4.16220e+28
1.22171e+03 4.04936e+28
1.22178e+03 3.94386e+28
1.22186e+03 3.84525e+28
1.22193e+03 3.75291e+28
1.22200e+03 3.66644e+28
1.22208e+03 3.58541e+28
1.22215e+03 3.50948e+28
1.22222e+03 3.43812e+28
1.22229e+03 3.37100e+28
1.22237e+03 3.30786e+28
1.22244e+03 3.24825e+28
1.22251e+03 3.19194e+28
1.22259e+03 3.13867e+28
1.22266e+03 3.08810e+28
1.22273e+03 3.04004e+28
1.22281e+03 2.99427e+28
1.22288e+03 2.95055e+28
1.22295e+03 2.90868e+28
1.22302e+03 2.86854e+28
1.22310e+03 2.82995e+28
1.22317e+03 2.79271e+28
1.22324e+03 2.75793e+28
1.22500e+03 2.13469e+28
1.23500e+03 3.39483e+28
1.24500e+03 3.83299e+28
1.25500e+03 3.89596e+28
1.26500e+03 3.65279e+28
1.27500e+03 4.40624e+28
1.28500e+03 4.66681e+28
1.29500e+03 4.19955e+28
1.30500e+03 4.35648e+28
1.31500e+03 5.14841e+28
1.32500e+03 5.11965e+28
1.33500e+03 4.95710e+28
1.34500e+03 5.60295e+28
1.35500e+03 5.68493e+28
1.36500e+03 5.52747e+28
1.37500e+03 5.77865e+28
1.38500e+03 6.03905e+28
1.39500e+03 5.65654e+28
1.40500e+03 6.00450e+28
1.41500e+03 6.34974e+28
1.42500e+03 6.56925e+28
1.43500e+03 6.79895e+28
1.44200e+03 7.09213e+28
1.44700e+03 7.18533e+28
1.45500e+03 7.20137e+28
1.46500e+03 7.08775e+28
1.47500e+03 7.27329e+28
1.48500e+03 7.41943e+28
1.49500e+03 7.60849e+28
1.50500e+03 7.50779e+28
1.51200e+03 7.13135e+28
1.51700e+03 7.48181e+28
1.52500e+03 7.53171e+28
1.53500e+03 7.08153e+28
1.54500e+03 7.46393e+28
1.55500e+03 7.31909e+28
1.56500e+03 7.58918e+28
1.57500e+03 8.03491e+28
1.58500e+03 8.29977e+28
1.59500e+03 8.55537e+28
1.60500e+03 8.48448e+28
1.61500e+03 8.60515e+28
1.62500e+03 8.48474e+28
1.63500e+03 8.86766e+28
1.64500e+03 8.98671e+28
1.65500e+03 8.68518e+28
1.66500e+03 9.31983e+28
1.67200e+03 8.88526e+28
1.67700e+03 9.36188e+28
1.68500e+03 9.59104e+28
1.69500e+03 9.36626e+28
1.70500e+03 9.20301e+28
1.71500e+03 8.96711e+28
1.72500e+03 8.98460e+28
1.73500e+03 9.41322e+28
1.74500e+03 9.28761e+28
1.75500e+03 9.69684e+28
1.76500e+03 9.20125e+28
1.77500e+03 9.46694e+28
1.78500e+03 9.63504e+28
1.79500e+03 9.96904e+28
1.80500e+03 1.00877e+29
1.81500e+03 9.64464e+28
1.82500e+03 9.89730e+28
1.83500e+03 9.74781e+28
1.84500e+03 9.29111e+28
1.85500e+03 9.25221e+28
1.86500e+03 9.47165e+28
1.87500e+03 1.00350e+29
1.88500e+03 9.46170e+28
1.89500e+03 9.19137e+28
1.90500e+03 9.92907e+28
1.91500e+03 9.47316e+28
1.92500e+03 9.39427e+28
1.93500e+03 9.76022e+28
1.94500e+03 1.00526e+29
1.95500e+03 9.55296e+28
1.96700e+03 1.02049e+29
1.97600e+03 1.05057e+29
1.98400e+03 1.01155e+29
1.99500e+03 9.96628e+28
2.00500e+03 1.02902e+29
2.01500e+03 1.02009e+29
2.02500e+03 1.06020e+29
2.03500e+03 1.02114e+29
2.04500e+03 1.04089e+29
2.05500e+03 1.00611e+29
2.06500e+03 1.02918e+29
2.07400e+03 1.07876e+29
2.07800e+03 1.03560e+29
2.08500e+03 1.06467e+29
2.09500e+03 1.03293e+29
2.10500e+03 1.05905e+29
2.11500e+03 1.06924e+29
2.12500e+03 1.08883e+29
2.13500e+03 1.06588e+29
2.14500e+03 1.06577e+29
2.15500e+03 1.09543e+29
2.16500e+03 1.08343e+29
2.17500e+03 1.08577e+29
2.18500e+03 1.08013e+29
2.19500e+03 1.11235e+29
2.20500e+03 1.09927e+29
2.21500e+03 1.08481e+29
2.22500e+03 1.06874e+29
2.23500e+03 1.10784e+29
2.24500e+03 1.09848e+29
2.25500e+03 1.08207e+29
2.26500e+03 1.10361e+29
2.27500e+03 1.12001e+29
2.28500e+03 1.13552e+29
2.29500e+03 1.10474e+29
2.30500e+03 1.11787e+29
2.31500e+03 1.10363e+29
2.32500e+03 1.01635e+29
2.33500e+03 1.08831e+29
2.34500e+03 1.07566e+29
2.35500e+03 1.11118e+29
2.36500e+03 1.08538e+29
2.37500e+03 1.10544e+29
2.38500e+03 1.08040e+29
2.39500e+03 1.12132e+29
2.40500e+03 1.10621e+29
2.41500e+03 1.12140e+29
2.42500e+03 1.15005e+29
2.43500e+03 1.12765e+29
2.44500e+03 1.16171e+29
2.45500e+03 1.16597e+29
2.46500e+03 1.16196e+29
2.47500e+03 1.15607e+29
2.48500e+03 1.18383e+29
2.49500e+03 1.13758e+29
2.50500e+03 1.20502e+29
2.51300e+03 1.16827e+29
2.51800e+03 1.19896e+29
2.52500e+03 1.17485e+29
2.53500e+03 1.17902e+29
2.54500e+03 1.17716e+29
2.55500e+03 1.21743e+29
2.56500e+03 1.21458e+29
2.57500e+03 1.24887e+29
2.58500e+03 1.25522e+29
2.59500e+03 1.25780e+29
2.60500e+03 1.24502e+29
2.61500e+03 1.24871e+29
2.62500e+03 1.26389e+29
2.63500e+03 1.27542e+29
2.64500e+03 1.32336e+29
2.65500e+03 1.32861e+29
2.66500e+03 1.30012e+29
2.67500e+03 1.32580e+29
2.68500e+03 1.33116e+29
2.69500e+03 1.31641e+29
2.70500e+03 1.32710e+29
2.71500e+03 1.31541e+29
2.72500e+03 1.31738e+29
2.73500e+03 1.34499e+29
2.74500e+03 1.29131e+29
2.75500e+03 1.30058e+29
2.76500e+03 1.32259e+29
2.77500e+03 1.35458e+29
2.78500e+03 1.34864e+29
2.79500e+03 1.26957e+29
2.80500e+03 1.30745e+29
2.81500e+03 1.37339e+29
2.82500e+03 1.37539e+29
2.83500e+03 1.34838e+29
2.84500e+03 1.35076e+29
2.85500e+03 1.35533e+29
2.86500e+03 1.38336e+29
2.87500e+03 1.37589e+29
2.88500e+03 1.38254e+29
2.89500e+03 1.38171e+29
2.91000e+03 1.40669e+29
2.93000e+03 1.39937e+29
2.95000e+03 1.39487e+29
2.97000e+03 1.40777e+29
2.99000e+03 1.41124e+29
3.01000e+03 1.41969e+29
3.03000e+03 1.42796e+29
3.05000e+03 1.43040e+29
3.07000e+03 1.43385e+29
3.09000e+03 1.44016e+29
3.11000e+03 1.44233e+29
3.13000e+03 1.44412e+29
3.15000e+03 1.45294e+29
3.17000e+03 1.45620e+29
3.19000e+03 1.44283e+29
3.21000e+03 1.46444e+29
3.23000e+03 1.46416e+29
3.25000e+03 1.48012e+29
3.27000e+03 1.49310e+29
3.29000e+03 1.50045e+29
3.31000e+03 1.50965e+29
3.33000e+03 1.51336e+29
3.35000e+03 1.51551e+29
3.37000e+03 1.51813e+29
3.39000e+03 1.52951e+29
3.41000e+03 1.54290e+29
3.43000e+03 1.54530e+29
3.45000e+03 1.55494e+29
3.47000e+03 1.56873e+29
3.49000e+03 1.58091e+29
3.51000e+03 1.59875e+29
3.53000e+03 1.60420e+29
3.55000e+03 1.62262e+29
3.57000e+03 1.61528e+29
3.59000e+03 1.61833e+29
3.61000e+03 1.63829e+29
3.63000e+03 1.65203e+29
3.64000e+03 1.66291e+29
3.65000e+03 1.66020e+29
3.67000e+03 1.66254e+29
3.69000e+03 1.62400e+29
3.70466e+03 1.69951e+29
3.70488e+03 1.70043e+29
3.70511e+03 1.70159e+29
3.70533e+03 1.70277e+29
3.70555e+03 1.70393e+29
3.70578e+03 1.70509e+29
3.70600e+03 1.70626e+29
3.70622e+03 1.70741e+29
3.70645e+03 1.70859e+29
3.70667e+03 1.70974e+29
3.70689e+03 1.71090e+29
3.70712e+03 1.71207e+29
3.70734e+03 1.71322e+29
3.70756e+03 1.71441e+29
3.70779e+03 1.71558e+29
3.70801e+03 1.71674e+29
3.70824e+03 1.71791e+29
3.70846e+03 1.71907e+29
3.70868e+03 1.72025e+29
3.70891e+03 1.72143e+29
3.70913e+03 1.72262e+29
3.70935e+03 1.72381e+29
3.70958e+03 1.72501e+29
3.70980e+03 1.72622e+29
3.71000e+03 1.72731e+29
3.71002e+03 1.72876e+29
3.71025e+03 1.74148e+29
3.71047e+03 1.75423e+29
3.71070e+03 1.76703e+29
3.71092e+03 1.77988e+29
3.71114e+03 1.79280e+29
3.71137e+03 1.80576e+29
3.71159e+03 1.81885e+29
3.71181e+03 1.83206e+29
3.71204e+03 1.84542e+29
3.71226e+03 1.85899e+29
3.71248e+03 1.87279e+29
3.71271e+03 1.88691e+29
3.71293e+03 1.90141e+29
3.71316e+03 1.91638e+29
3.71338e+03 1.93193e+29
3.71360e+03 1.94819e+29
3.71383e+03 1.96531e+29
3.71405e+03 1.98352e+29
3.71427e+03 2.00298e+29
3.71450e+03 2.02400e+29
3.71472e+03 2.04689e+29
3.71494e+03 2.07199e+29
3.71517e+03 2.09972e+29
3.71539e+03 2.13061e+29
3.71562e+03 2.16521e+29
3.71584e+03 2.20414e+29
3.71606e+03 2.24813e+29
3.71629e+03 2.29809e+29
3.71651e+03 2.35492e+29
3.71673e+03 2.41969e+29
3.71696e+03 2.49360e+29
3.71718e+03 2.57792e+29
3.71740e+03 2.67410e+29
3.71763e+03 2.78374e+29
3.71785e+03 2.90853e+29
3.71808e+03 3.05031e+29
3.71830e+03 3.21104e+29
3.71852e+03 3.39282e+29
3.71875e+03 3.59786e+29
3.71897e+03 3.82839e+29
3.71919e+03 4.08682e+29
3.71942e+03 4.37552e+29
3.71964e+03 4.69690e+29
3.71986e+03 5.05336e+29
3.72009e+03 5.44713e+29
3.72031e+03 5.88039e+29
3.72053e+03 6.35546e+29
3.72076e+03 6.87423e+29
3.72098e+03 7.43818e+29
3.72121e+03 8.04863e+29
3.72143e+03 8.70647e+29
3.72165e+03 9.41219e+29
3.72188e+03 1.01658e+30
3.72210e+03 1.09666e+30
3.72232e+03 1.18138e+30
3.72255e+03 1.27054e+30
3.72277e+03 1.36390e+30
3.72299e+03 1.46112e+30
3.72322e+03 1.56185e+30
3.72344e+03 1.66562e+30
3.72367e+03 1.77190e+30
3.72389e+03 1.88010e+30
3.72411e+03 1.98956e+30
3.72434e+03 2.09954e+30
3.72456e+03 2.20928e+30
3.72478e+03 2.31794e+30
3.72501e+03 2.42472e+30
3.72523e+03 2.52876e+30
3.72545e+03 2.62916e+30
3.72568e+03 2.72500e+30
3.72590e+03 2.81543e+30
3.72613e+03 2.89959e+30
3.72635e+03 2.97668e+30
3.72657e+03 3.04593e+30
3.72680e+03 3.10668e+30
3.72702e+03 3.15826e+30
3.72724e+03 3.20021e+30
3.72747e+03 3.23208e+30
3.72769e+03 3.25351e+30
3.72791e+03 3.26431e+30
3.72814e+03 3.26438e+30
3.72836e+03 3.25372e+30
3.72859e+03 3.23249e+30
3.72881e+03 3.20087e+30
3.72903e+03 3.15928e+30
3.72926e+03 3.10813e+30
3.72948e+03 3.04803e+30
3.72970e+03 2.97951e+30
3.72993e+03 2.91719e+30
3.73000e+03 2.86965e+30
3.73015e+03 2.81171e+30
3.73037e+03 2.72745e+30
3.73060e+03 2.63090e+30
3.73082e+03 2.53000e+30
3.73105e+03 2.42562e+30
3.73127e+03 2.31869e+30
3.73149e+03 2.21005e+30
3.73172e+03 2.10053e+30
3.73194e+03 1.99096e+30
3.73216e+03 1.88211e+30
3.73239e+03 1.77465e+30
3.73261e+03 1.66926e+30
3.73283e+03 1.56648e+30
3.73306e+03 1.46688e+30
3.73328e+03 1.37085e+30
3.73351e+03 1.27880e+30
3.73373e+03 1.19104e+30
3.73395e+03 1.10774e+30
3.73418e+03 1.02907e+30
3.73440e+03 9.55133e+29
3.73462e+03 8.85997e+29
3.73485e+03 8.21642e+29
3.73507e+03 7.62009e+29
3.73529e+03 7.07001e+29
3.73552e+03 6.56478e+29
3.73574e+03 6.10273e+29
3.73596e+03 5.68195e+29
3.73619e+03 5.30034e+29
3.73641e+03 4.95562e+29
3.73664e+03 4.64545e+29
3.73686e+03 4.36743e+29
3.73708e+03 4.11914e+29
3.73731e+03 3.89821e+29
3.73753e+03 3.70228e+29
3.73775e+03 3.52908e+29
3.73798e+03 3.37650e+29
3.73820e+03 3.24246e+29
3.73842e+03 3.12492e+29
3.73865e+03 3.02211e+29
3.73887e+03 2.93241e+29
3.73910e+03 2.85422e+29
3.73932e+03 2.78615e+29
3.73954e+03 2.72695e+29
3.73977e+03 2.67544e+29
3.73999e+03 2.63058e+29
3.74021e+03 2.59145e+29
3.74044e+03 2.55724e+29
3.74066e+03 2.52724e+29
3.74088e+03 2.50080e+29
3.74111e+03 2.47740e+29
3.74133e+03 2.45652e+29
3.74156e+03 2.43777e+29
3.74178e+03 2.42084e+29
3.74200e+03 2.40537e+29
3.74223e+03 2.39113e+29
3.74245e+03 2.37791e+29
3.74267e+03 2.36550e+29
3.74290e+03 2.35381e+29
3.74312e+03 2.34266e+29
3.74334e+03 2.33195e+29
3.74357e+03 2.32161e+29
3.74379e+03 2.31155e+29
3.74402e+03 2.30175e+29
3.74424e+03 2.29211e+29
3.74446e+03 2.28262e+29
3.74469e+03 2.27326e+29
3.74491e+03 2.26399e+29
3.74513e+03 2.25478e+29
3.74536e+03 2.24564e+29
3.74558e+03 2.23655e+29
3.74580e+03 2.22748e+29
3.74603e+03 2.21844e+29
3.74625e+03 2.20942e+29
3.74648e+03 2.20041e+29
3.74670e+03 2.19142e+29
3.74692e+03 2.18244e+29
3.74715e+03 2.17347e+29
3.74737e+03 2.16449e+29
3.74759e+03 2.15553e+29
3.74782e+03 2.14656e+29
3.74804e+03 2.13760e+29
3.74826e+03 2.12863e+29
3.74849e+03 2.11968e+29
3.74871e+03 2.11072e+29
3.74893e+03 2.10176e+29
3.74916e+03 2.09281e+29
3.75000e+03 2.05908e+29
3.77000e+03 2.14397e+29
3.79000e+03 2.40098e+29
3.81000e+03 2.64882e+29
3.83000e+03 2.27289e+29
3.85000e+03 2.83276e+29
3.87000e+03 3.17119e+29
3.89000e+03 2.26225e+29
3.91000e+03 3.08706e+29
3.93000e+03 2.97102e+29
3.95000e+03 3.08033e+29
3.97000e+03 2.23662e+29
3.99000e+03 3.11910e+29
4.01000e+03 3.27568e+29
4.03000e+03 3.23503e+29
4.05000e+03 3.29930e+29
4.07000e+03 3.26642e+29
4.07820e+03 3.13414e+29
4.07845e+03 3.13016e+29
4.07870e+03 3.12620e+29
4.07894e+03 3.12223e+29
4.07919e+03 3.11826e+29
4.07943e+03 3.11430e+29
4.07968e+03 3.11032e+29
4.07993e+03 3.10636e+29
4.08017e+03 3.10241e+29
4.08042e+03 3.09843e+29
4.08066e+03 3.09446e+29
4.08091e+03 3.09050e+29
4.08116e+03 3.08654e+29
4.08140e+03 3.08257e+29
4.08165e+03 3.07860e+29
4.08190e+03 3.07465e+29
4.08214e+03 3.07068e+29
4.08239e+03 3.06672e+29
4.08263e+03 3.06277e+29
4.08288e+03 3.05881e+29
4.08313e+03 3.05486e+29
4.08337e+03 3.05090e+29
4.08362e+03 3.04697e+29
4.08386e+03 3.04304e+29
4.08411e+03 3.03912e+29
4.08436e+03 3.03520e+29
4.08460e+03 3.03130e+29
4.08485e+03 3.02742e+29
4.08510e+03 3.02356e+29
4.08534e+03 3.01976e+29
4.08559e+03 3.01596e+29
4.08583e+03 3.01224e+29
4.08608e+03 3.00856e+29
4.08633e+03 3.00496e+29
4.08657e+03 3.00144e+29
4.08682e+03 2.99804e+29
4.08706e+03 2.99478e+29
4.08731e+03 2.99171e+29
4.08756e+03 2.98882e+29
4.08780e+03 2.98619e+29
4.08805e+03 2.98385e+29
4.08830e+03 2.98187e+29
4.08854e+03 2.98032e+29
4.08879e+03 2.97927e+29
4.08903e+03 2.97883e+29
4.08928e+03 2.97908e+29
4.08953e+03 2.98017e+29
4.08977e+03 2.98209e+29
4.09000e+03 2.98347e+29
4.09002e+03 2.98710e+29
4.09026e+03 2.98846e+29
4.09051e+03 2.99310e+29
4.09076e+03 2.99948e+29
4.09100e+03 3.00781e+29
4.09125e+03 3.01837e+29
4.09150e+03 3.03145e+29
4.09174e+03 3.04734e+29
4.09199e+03 3.06643e+29
4.09223e+03 3.08902e+29
4.09248e+03 3.11550e+29
4.09273e+03 3.14630e+29
4.09297e+03 3.18183e+29
4.09322e+03 3.22245e+29
4.09347e+03 3.26865e+29
4.09371e+03 3.32084e+29
4.09396e+03 3.37943e+29
4.09420e+03 3.44484e+29
4.09445e+03 3.51743e+29
4.09470e+03 3.59755e+29
4.09494e+03 3.68552e+29
4.09519e+03 3.78160e+29
4.09543e+03 3.88605e+29
4.09568e+03 3.99890e+29
4.09593e+03 4.12021e+29
4.09617e+03 4.24998e+29
4.09642e+03 4.38801e+29
4.09667e+03 4.53409e+29
4.09691e+03 4.68785e+29
4.09716e+03 4.84888e+29
4.09740e+03 5.01654e+29
4.09765e+03 5.18997e+29
4.09790e+03 5.36828e+29
4.09814e+03 5.55055e+29
4.09839e+03 5.73570e+29
4.09863e+03 5.92256e+29
4.09888e+03 6.10985e+29
4.09913e+03 6.29596e+29
4.09937e+03 6.47946e+29
4.09962e+03 6.65883e+29
4.09987e+03 6.83259e+29
4.10011e+03 6.99913e+29
4.10036e+03 7.15698e+29
4.10060e+03 7.30459e+29
4.10085e+03 7.44034e+29
4.10110e+03 7.56286e+29
4.10134e+03 7.67094e+29
4.10159e+03 7.76341e+29
4.10183e+03 7.83928e+29
4.10208e+03 7.89770e+29
4.10233e+03 7.93792e+29
4.10257e+03 7.95948e+29
4.10282e+03 7.96212e+29
4.10307e+03 7.94574e+29
4.10331e+03 7.91047e+29
4.10356e+03 7.85660e+29
4.10380e+03 7.78463e+29
4.10405e+03 7.69533e+29
4.10430e+03 7.58960e+29
4.10454e+03 7.46846e+29
4.10479e+03 7.33308e+29
4.10503e+03 7.18469e+29
4.10528e+03 7.02467e+29
4.10553e+03 6.85469e+29
4.10577e+03 6.67627e+29
4.10602e+03 6.49090e+29
4.10627e+03 6.30016e+29
4.10651e+03 6.10559e+29
4.10676e+03 5.90864e+29
4.10700e+03 5.71074e+29
4.10725e+03 5.51349e+29
4.10750e+03 5.31820e+29
4.10774e+03 5.12596e+29
4.10799e+03 4.93787e+29
4.10823e+03 4.75479e+29
4.10848e+03 4.57759e+29
4.10873e+03 4.40717e+29
4.10897e+03 4.24412e+29
4.10922e+03 4.08879e+29
4.10947e+03 3.94158e+29
4.10971e+03 3.80267e+29
4.10996e+03 3.69713e+29
4.11000e+03 3.63110e+29
4.11020e+03 3.55667e+29
4.11045e+03 3.46176e+29
4.11070e+03 3.37031e+29
4.11094e+03 3.28692e+29
4.11119e+03 3.21135e+29
4.11144e+03 3.14320e+29
4.11168e+03 3.08220e+29
4.11193e+03 3.02794e+29
4.11217e+03 2.98005e+29
4.11242e+03 2.93806e+29
4.11267e+03 2.90156e+29
4.11291e+03 2.87012e+29
4.11316e+03 2.84330e+29
4.11340e+03 2.82071e+29
4.11365e+03 2.80197e+29
4.11390e+03 2.78669e+29
4.11414e+03 2.77452e+29
4.11439e+03 2.76511e+29
4.11464e+03 2.75817e+29
4.11488e+03 2.75343e+29
4.11513e+03 2.75059e+29
4.11537e+03 2.74943e+29
4.11562e+03 2.74974e+29
4.11587e+03 2.75132e+29
4.11611e+03 2.75399e+29
4.11636e+03 2.75760e+29
4.11660e+03 2.76204e+29
4.11685e+03 2.76715e+29
4.11710e+03 2.77283e+29
4.11734e+03 2.77902e+29
4.11759e+03 2.78563e+29
4.11784e+03 2.79256e+29
4.11808e+03 2.79980e+29
4.11833e+03 2.80726e+29
4.11857e+03 2.81494e+29
4.11882e+03 2.82276e+29
4.11907e+03 2.83072e+29
4.11931e+03 2.83879e+29
4.11956e+03 2.84695e+29
4.11981e+03 2.85521e+29
4.12005e+03 2.86349e+29
4.12030e+03 2.87182e+29
4.12054e+03 2.88020e+29
4.12079e+03 2.88861e+29
4.12104e+03 2.89702e+29
4.12128e+03 2.90547e+29
4.12153e+03 2.91395e+29
4.12177e+03 2.92242e+29
4.12202e+03 2.93088e+29
4.12227e+03 2.93938e+29
4.12251e+03 2.94786e+29
4.12276e+03 2.95634e+29
4.12301e+03 2.96485e+29
4.12325e+03 2.97335e+29
4.12350e+03 2.98185e+29
4.12374e+03 2.99034e+29
4.12399e+03 2.99885e+29
4.12424e+03 3.00735e+29
4.12448e+03 3.01584e+29
4.12473e+03 3.02434e+29
4.12497e+03 3.03286e+29
4.12522e+03 3.04136e+29
4.12547e+03 3.04986e+29
4.12571e+03 3.05837e+29
4.12596e+03 3.06686e+29
4.12621e+03 3.07537e+29
4.12645e+03 3.08387e+29
4.12670e+03 3.09238e+29
4.12694e+03 3.10086e+29
4.12719e+03 3.10936e+29
4.13000e+03 3.20637e+29
4.15000e+03 3.28447e+29
4.17000e+03 3.30130e+29
4.19000e+03 3.30723e+29
4.21000e+03 3.31565e+29
4.23000e+03 3.30510e+29
4.25000e+03 3.30501e+29
4.27000e+03 3.26311e+29
4.29000e+03 3.26211e+29
4.31000e+03 3.16212e+29
4.31565e+03 3.07736e+29
4.31591e+03 3.07345e+29
4.31617e+03 3.06957e+29
4.31643e+03 3.06565e+29
4.31669e+03 3.06175e+29
4.31695e+03 3.05784e+29
4.31721e+03 3.05394e+29
4.31747e+03 3.05003e+29
4.31773e+03 3.04613e+29
4.31799e+03 3.04221e+29
4.31825e+03 3.03833e+29
4.31852e+03 3.03442e+29
4.31878e+03 3.03051e+29
4.31904e+03 3.02663e+29
4.31930e+03 3.02273e+29
4.31956e+03 3.01883e+29
4.31982e+03 3.01493e+29
4.32008e+03 3.01104e+29
4.32034e+03 3.00715e+29
4.32060e+03 3.00327e+29
4.32086e+03 2.99940e+29
4.32112e+03 2.99552e+29
4.32138e+03 2.99168e+29
4.32164e+03 2.98783e+29
4.32190e+03 2.98400e+29
4.32216e+03 2.98021e+29
4.32242e+03 2.97643e+29
4.32268e+03 2.97268e+29
4.32294e+03 2.96900e+29
4.32320e+03 2.96536e+29
4.32346e+03 2.96179e+29
4.32373e+03 2.95832e+29
4.32399e+03 2.95496e+29
4.32425e+03 2.95175e+29
4.32451e+03 2.94870e+29
4.32477e+03 2.94587e+29
4.32503e+03 2.94330e+29
4.32529e+03 2.94104e+29
4.32555e+03 2.93915e+29
4.32581e+03 2.93774e+29
4.32607e+03 2.93689e+29
4.32633e+03 2.93672e+29
4.32659e+03 2.93732e+29
4.32685e+03 2.93889e+29
4.32711e+03 2.94160e+29
4.32737e+03 2.94560e+29
4.32763e+03 2.95117e+29
4.32789e+03 2.95856e+29
4.32815e+03 2.96806e+29
4.32841e+03 2.97999e+29
4.32867e+03 2.99471e+29
4.32894e+03 3.01268e+29
4.32920e+03 3.03431e+29
4.32946e+03 3.06013e+29
4.32972e+03 3.09066e+29
4.32998e+03 3.11668e+29
4.33000e+03 3.13884e+29
4.33024e+03 3.16971e+29
4.33050e+03 3.21749e+29
4.33076e+03 3.27363e+29
4.33102e+03 3.33783e+29
4.33128e+03 3.41086e+29
4.33154e+03 3.49352e+29
4.33180e+03 3.58659e+29
4.33206e+03 3.69089e+29
4.33232e+03 3.80718e+29
4.33258e+03 3.93626e+29
4.33284e+03 4.07880e+29
4.33310e+03 4.23551e+29
4.33336e+03 4.40693e+29
4.33362e+03 4.59358e+29
4.33388e+03 4.79581e+29
4.33415e+03 5.01388e+29
4.33441e+03 5.24785e+29
4.33467e+03 5.49766e+29
4.33493e+03 5.76305e+29
4.33519e+03 6.04352e+29
4.33545e+03 6.33838e+29
4.33571e+03 6.64672e+29
4.33597e+03 6.96738e+29
4.33623e+03 7.29899e+29
4.33649e+03 7.63990e+29
4.33675e+03 7.98826e+29
4.33701e+03 8.34198e+29
4.33727e+03 8.69879e+29
4.33753e+03 9.05622e+29
4.33779e+03 9.41164e+29
4.33805e+03 9.76227e+29
4.33831e+03 1.01053e+30
4.33857e+03 1.04377e+30
4.33883e+03 1.07566e+30
4.33909e+03 1.10591e+30
4.33935e+03 1.13421e+30
4.33962e+03 1.16031e+30
4.33988e+03 1.18395e+30
4.34014e+03 1.20489e+30
4.34040e+03 1.22288e+30
4.34066e+03 1.23776e+30
4.34092e+03 1.24936e+30
4.34118e+03 1.25755e+30
4.34144e+03 1.26225e+30
4.34170e+03 1.26340e+30
4.34196e+03 1.26098e+30
4.34222e+03 1.25502e+30
4.34248e+03 1.24558e+30
4.34274e+03 1.23273e+30
4.34300e+03 1.21663e+30
4.34326e+03 1.19747e+30
4.34352e+03 1.17539e+30
4.34378e+03 1.15064e+30
4.34404e+03 1.12347e+30
4.34430e+03 1.09413e+30
4.34457e+03 1.06291e+30
4.34483e+03 1.03009e+30
4.34509e+03 9.95966e+29
4.34535e+03 9.60834e+29
4.34561e+03 9.24982e+29
4.34587e+03 8.88702e+29
4.34613e+03 8.52263e+29
4.34639e+03 8.15926e+29
4.34665e+03 7.79937e+29
4.34691e+03 7.44521e+29
4.34717e+03 7.09883e+29
4.34743e+03 6.76202e+29
4.34769e+03 6.43640e+29
4.34795e+03 6.12332e+29
4.34821e+03 5.82386e+29
4.34847e+03 5.53894e+29
4.34873e+03 5.26919e+29
4.34899e+03 5.01508e+29
4.34925e+03 4.77682e+29
4.34951e+03 4.55448e+29
4.34978e+03 4.35447e+29
4.35000e+03 4.21516e+29
4.35004e+03 4.11965e+29
4.35030e+03 3.99475e+29
4.35056e+03 3.84555e+29
4.35082e+03 3.71040e+29
4.35108e+03 3.58861e+29
4.35134e+03 3.47948e+29
4.35160e+03 3.38222e+29
4.35186e+03 3.29604e+29
4.35212e+03 3.22016e+29
4.35238e+03 3.15378e+29
4.35264e+03 3.09609e+29
4.35290e+03 3.04634e+29
4.35316e+03 3.00378e+29
4.35342e+03 2.96774e+29
4.35368e+03 2.93750e+29
4.35394e+03 2.91248e+29
4.35420e+03 2.89207e+29
4.35446e+03 2.87577e+29
4.35472e+03 2.86305e+29
4.35499e+03 2.85348e+29
4.35525e+03 2.84666e+29
4.35551e+03 2.84225e+29
4.35577e+03 2.83986e+29
4.35603e+03 2.83925e+29
4.35629e+03 2.84015e+29
4.35655e+03 2.84235e+29
4.35681e+03 2.84563e+29
4.35707e+03 2.84984e+29
4.35733e+03 2.85483e+29
4.35759e+03 2.86047e+29
4.35785e+03 2.86664e+29
4.35811e+03 2.87327e+29
4.35837e+03 2.88027e+29
4.35863e+03 2.88757e+29
4.35889e+03 2.89512e+29
4.35915e+03 2.90289e+29
4.35941e+03 2.91081e+29
4.35967e+03 2.91888e+29
4.35993e+03 2.92702e+29
4.36020e+03 2.93528e+29
4.36046e+03 2.94359e+29
4.36072e+03 2.95198e+29
4.36098e+03 2.96042e+29
4.36124e+03 2.96886e+29
4.36150e+03 2.97734e+29
4.36176e+03 2.98584e+29
4.36202e+03 2.99437e+29
4.36228e+03 3.00289e+29
4.36254e+03 3.01145e+29
4.36280e+03 3.01999e+29
4.36306e+03 3.02855e+29
4.36332e+03 3.03710e+29
4.36358e+03 3.04567e+29
4.36384e+03 3.05422e+29
4.36410e+03 3.06280e+29
4.36436e+03 3.07134e+29
4.36462e+03 3.07992e+29
4.36488e+03 3.08848e+29
4.36515e+03 3.09705e+29
4.36541e+03 3.10561e+29
4.36567e+03 3.11419e+29
4.36593e+03 3.12275e+29
4.36619e+03 3.13132e+29
4.36645e+03 3.13988e+29
4.36671e+03 3.14845e+29
4.36697e+03 3.15702e+29
4.36723e+03 3.16558e+29
4.36749e+03 3.17414e+29
4.37000e+03 3.25666e+29
4.39000e+03 3.24538e+29
4.41000e+03 3.29285e+29
4.43000e+03 3.31943e+29
4.45000e+03 3.33585e+29
4.47000e+03 3.32061e+29
4.49000e+03 3.34537e+29
4.51000e+03 3.41430e+29
4.53000e+03 3.35693e+29
4.55000e+03 3.35708e+29
4.57000e+03 3.41397e+29
4.59000e+03 3.37827e+29
4.61000e+03 3.41331e+29
4.63000e+03 3.39107e+29
4.65000e+03 3.40736e+29
4.67000e+03 3.42720e+29
4.69000e+03 3.42061e+29
4.71000e+03 3.36957e+29
4.73000e+03 3.43181e+29
4.75000e+03 3.45447e+29
4.77000e+03 3.46493e+29
4.79000e+03 3.45977e+29
4.81000e+03 3.44364e+29
4.83000e+03 3.41748e+29
4.83484e+03 3.34801e+29
4.83513e+03 3.34381e+29
4.83542e+03 3.33962e+29
4.83571e+03 3.33544e+29
4.83600e+03 3.33124e+29
4.83629e+03 3.32709e+29
4.83659e+03 3.32291e+29
4.83688e+03 3.31873e+29
4.83717e+03 3.31457e+29
4.83746e+03 3.31043e+29
4.83775e+03 3.30630e+29
4.83805e+03 3.30219e+29
4.83834e+03 3.29811e+29
4.83863e+03 3.29405e+29
4.83892e+03 3.29004e+29
4.83921e+03 3.28609e+29
4.83950e+03 3.28220e+29
4.83980e+03 3.27839e+29
4.84009e+03 3.27471e+29
4.84038e+03 3.27115e+29
4.84067e+03 3.26778e+29
4.84096e+03 3.26462e+29
4.84126e+03 3.26174e+29
4.84155e+03 3.25918e+29
4.84184e+03 3.25704e+29
4.84213e+03 3.25541e+29
4.84242e+03 3.25441e+29
4.84272e+03 3.25414e+29
4.84301e+03 3.25481e+29
4.84330e+03 3.25658e+29
4.84359e+03 3.25968e+29
4.84388e+03 3.26439e+29
4.84417e+03 3.27102e+29
4.84447e+03 3.27990e+29
4.84476e+03 3.29144e+29
4.84505e+03 3.30614e+29
4.84534e+03 3.32455e+29
4.84563e+03 3.34726e+29
4.84593e+03 3.37497e+29
4.84622e+03 3.40846e+29
4.84651e+03 3.44860e+29
4.84680e+03 3.49636e+29
4.84709e+03 3.55280e+29
4.84738e+03 3.61913e+29
4.84768e+03 3.69654e+29
4.84797e+03 3.78647e+29
4.84826e+03 3.89037e+29
4.84855e+03 4.00976e+29
4.84884e+03 4.14636e+29
4.84914e+03 4.30196e+29
4.84943e+03 4.47815e+29
4.84972e+03 4.67463e+29
4.85000e+03 4.83537e+29
4.85001e+03 4.95756e+29
4.85030e+03 5.14906e+29
4.85059e+03 5.42618e+29
4.85089e+03 5.73308e+29
4.85118e+03 6.07127e+29
4.85147e+03 6.44211e+29
4.85176e+03 6.84715e+29
4.85205e+03 7.28732e+29
4.85235e+03 7.76320e+29
4.85264e+03 8.27566e+29
4.85293e+03 8.82459e+29
4.85322e+03 9.40948e+29
4.85351e+03 1.00302e+30
4.85381e+03 1.06851e+30
4.85410e+03 1.13726e+30
4.85439e+03 1.20898e+30
4.85468e+03 1.28351e+30
4.85497e+03 1.36044e+30
4.85526e+03 1.43938e+30
4.85556e+03 1.51995e+30
4.85585e+03 1.60160e+30
4.85614e+03 1.68379e+30
4.85643e+03 1.76601e+30
4.85672e+03 1.84760e+30
4.85702e+03 1.92790e+30
4.85731e+03 2.00631e+30
4.85760e+03 2.08216e+30
4.85789e+03 2.15469e+30
4.85818e+03 2.22324e+30
4.85847e+03 2.28725e+30
4.85877e+03 2.34601e+30
4.85906e+03 2.39895e+30
4.85935e+03 2.44557e+30
4.85964e+03 2.48535e+30
4.85993e+03 2.51786e+30
4.86023e+03 2.54279e+30
4.86052e+03 2.55984e+30
4.86081e+03 2.56885e+30
4.86110e+03 2.56968e+30
4.86139e+03 2.56235e+30
4.86168e+03 2.54692e+30
4.86198e+03 2.52355e+30
4.86227e+03 2.49248e+30
4.86256e+03 2.45405e+30
4.86285e+03 2.40867e+30
4.86314e+03 2.35675e+30
4.86344e+03 2.29888e+30
4.86373e+03 2.23563e+30
4.86402e+03 2.16754e+30
4.86431e+03 2.09533e+30
4.86460e+03 2.01964e+30
4.86490e+03 1.94114e+30
4.86519e+03 1.86050e+30
4.86548e+03 1.77844e+30
4.86577e+03 1.69551e+30
4.86606e+03 1.61237e+30
4.86635e+03 1.52965e+30
4.86665e+03 1.44791e+30
4.86694e+03 1.36761e+30
4.86723e+03 1.28917e+30
4.86752e+03 1.21308e+30
4.86781e+03 1.13962e+30
4.86811e+03 1.06912e+30
4.86840e+03 1.00182e+30
4.86869e+03 9.37880e+29
4.86898e+03 8.77449e+29
4.86927e+03 8.20644e+29
4.86956e+03 7.67461e+29
4.86986e+03 7.23843e+29
4.87000e+03 6.94690e+29
4.87015e+03 6.67173e+29
4.87044e+03 6.31448e+29
4.87073e+03 5.93697e+29
4.87102e+03 5.59283e+29
4.87132e+03 5.28057e+29
4.87161e+03 4.99839e+29
4.87190e+03 4.74469e+29
4.87219e+03 4.51779e+29
4.87248e+03 4.31571e+29
4.87277e+03 4.13668e+29
4.87307e+03 3.97894e+29
4.87336e+03 3.84058e+29
4.87365e+03 3.71991e+29
4.87394e+03 3.61530e+29
4.87423e+03 3.52510e+29
4.87453e+03 3.44780e+29
4.87482e+03 3.38206e+29
4.87511e+03 3.32660e+29
4.87540e+03 3.28012e+29
4.87569e+03 3.24159e+29
4.87598e+03 3.21001e+29
4.87628e+03 3.18445e+29
4.87657e+03 3.16414e+29
4.87686e+03 3.14833e+29
4.87715e+03 3.13639e+29
4.87744e+03 3.12776e+29
4.87774e+03 3.12195e+29
4.87803e+03 3.11852e+29
4.87832e+03 3.11711e+29
4.87861e+03 3.11737e+29
4.87890e+03 3.11905e+29
4.87920e+03 3.12191e+29
4.87949e+03 3.12574e+29
4.87978e+03 3.13036e+29
4.88007e+03 3.13566e+29
4.88036e+03 3.14150e+29
4.88065e+03 3.14776e+29
4.88095e+03 3.15438e+29
4.88124e+03 3.16131e+29
4.88153e+03 3.16847e+29
4.88182e+03 3.17581e+29
4.88211e+03 3.18330e+29
4.88241e+03 3.19090e+29
4.88270e+03 3.19860e+29
4.88299e+03 3.20637e+29
4.88328e+03 3.21421e+29
4.88357e+03 3.22208e+29
4.88386e+03 3.23000e+29
4.88416e+03 3.23793e+29
4.88445e+03 3.24590e+29
4.88474e+03 3.25387e+29
4.88503e+03 3.26187e+29
4.88532e+03 3.26986e+29
4.88562e+03 3.27787e+29
4.88591e+03 3.28590e+29
4.88620e+03 3.29390e+29
4.88649e+03 3.30192e+29
4.88678e+03 3.30995e+29
4.88707e+03 3.31798e+29
4.88737e+03 3.32601e+29
4.88766e+03 3.33403e+29
4.88795e+03 3.34206e+29
4.88824e+03 3.35010e+29
4.88853e+03 3.35813e+29
4.88883e+03 3.36616e+29
4.88912e+03 3.37417e+29
4.88941e+03 3.38221e+29
4.88970e+03 3.39025e+29
4.89000e+03 3.39845e+29
4.89029e+03 3.39939e+29
4.89058e+03 3.40035e+29
4.89087e+03 3.40132e+29
4.89116e+03 3.40226e+29
4.89145e+03 3.40322e+29
4.89174e+03 3.40418e+29
4.89204e+03 3.40513e+29
4.89233e+03 3.40610e+29
4.89262e+03 3.40705e+29
4.89291e+03 3.40802e+29
4.91000e+03 3.46428e+29
4.92877e+03 3.43575e+29
4.92907e+03 3.43531e+29
4.92936e+03 3.43485e+29
4.92966e+03 3.43441e+29
4.92996e+03 3.43396e+29
4.93000e+03 3.43389e+29
4.93026e+03 3.43497e+29
4.93055e+03 3.43621e+29
4.93085e+03 3.43746e+29
4.93115e+03 3.43870e+29
4.93145e+03 3.43994e+29
4.93174e+03 3.44120e+29
4.93204e+03 3.44245e+29
4.93234e+03 3.44369e+29
4.93264e+03 3.44493e+29
4.93293e+03 3.44618e+29
4.93323e+03 3.44743e+29
4.93353e+03 3.44868e+29
4.93383e+03 3.44994e+29
4.93412e+03 3.45117e+29
4.93442e+03 3.45243e+29
4.93472e+03 3.45370e+29
4.93502e+03 3.45495e+29
4.93531e+03 3.45622e+29
4.93561e+03 3.45749e+29
4.93591e+03 3.45877e+29
4.93621e+03 3.46007e+29
4.93650e+03 3.46138e+29
4.93680e+03 3.46269e+29
4.93710e+03 3.46403e+29
4.93740e+03 3.46539e+29
4.93769e+03 3.46680e+29
4.93799e+03 3.46823e+29
4.93829e+03 3.46971e+29
4.93859e+03 3.47128e+29
4.93888e+03 3.47293e+29
4.93918e+03 3.47464e+29
4.93948e+03 3.47650e+29
4.93978e+03 3.47850e+29
4.94007e+03 3.48066e+29
4.94037e+03 3.48304e+29
4.94067e+03 3.48569e+29
4.94097e+03 3.48863e+29
4.94126e+03 3.49193e+29
4.94156e+03 3.49567e+29
4.94186e+03 3.49993e+29
4.94216e+03 3.50480e+29
4.94245e+03 3.51036e+29
4.94275e+03 3.51678e+29
4.94305e+03 3.52414e+29
4.94335e+03 3.53263e+29
4.94364e+03 3.54238e+29
4.94394e+03 3.55363e+29
4.94424e+03 3.56657e+29
4.94454e+03 3.58140e+29
4.94483e+03 3.59837e+29
4.94513e+03 3.61780e+29
4.94543e+03 3.63994e+29
4.94573e+03 3.66510e+29
4.94602e+03 3.69361e+29
4.94632e+03 3.72581e+29
4.94662e+03 3.76207e+29
4.94692e+03 3.80271e+29
4.94721e+03 3.84815e+29
4.94751e+03 3.89870e+29
4.94781e+03 3.95474e+29
4.94811e+03 4.01664e+29
4.94840e+03 4.08476e+29
4.94870e+03 4.15930e+29
4.94900e+03 4.24062e+29
4.94930e+03 4.32895e+29
4.94959e+03 4.42436e+29
4.94989e+03 4.51017e+29
4.95000e+03 4.57359e+29
4.95019e+03 4.64650e+29
4.95049e+03 4.75254e+29
4.95078e+03 4.87577e+29
4.95108e+03 5.00598e+29
4.95138e+03 5.14286e+29
4.95168e+03 5.28587e+29
4.95197e+03 5.43453e+29
4.95227e+03 5.58827e+29
4.95257e+03 5.74625e+29
4.95287e+03 5.90764e+29
4.95316e+03 6.07158e+29
4.95346e+03 6.23690e+29
4.95376e+03 6.40245e+29
4.95406e+03 6.56714e+29
4.95435e+03 6.72974e+29
4.95465e+03 6.88880e+29
4.95495e+03 7.04302e+29
4.95525e+03 7.19113e+29
4.95554e+03 7.33166e+29
4.95584e+03 7.46335e+29
4.95614e+03 7.58498e+29
4.95644e+03 7.69526e+29
4.95673e+03 7.79310e+29
4.95703e+03 7.87757e+29
4.95733e+03 7.94779e+29
4.95763e+03 8.00296e+29
4.95792e+03 8.04253e+29
4.95822e+03 8.06608e+29
4.95852e+03 8.07333e+29
4.95882e+03 8.06425e+29
4.95911e+03 8.03887e+29
4.95941e+03 7.99755e+29
4.95971e+03 7.94069e+29
4.96001e+03 7.86887e+29
4.96030e+03 7.78290e+29
4.96060e+03 7.68370e+29
4.96090e+03 7.57218e+29
4.96120e+03 7.44946e+29
4.96149e+03 7.31687e+29
4.96179e+03 7.17560e+29
4.96209e+03 7.02692e+29
4.96239e+03 6.87230e+29
4.96268e+03 6.71303e+29
4.96298e+03 6.55039e+29
4.96328e+03 6.38582e+29
4.96358e+03 6.22057e+29
4.96387e+03 6.05569e+29
4.96417e+03 5.89232e+29
4.96447e+03 5.73164e+29
4.96477e+03 5.57451e+29
4.96506e+03 5.42169e+29
4.96536e+03 5.27405e+29
4.96566e+03 5.13216e+29
4.96596e+03 4.99644e+29
4.96625e+03 4.86744e+29
4.96655e+03 4.74545e+29
4.96685e+03 4.63056e+29
4.96715e+03 4.52289e+29
4.96744e+03 4.42257e+29
4.96774e+03 4.32950e+29
4.96804e+03 4.24352e+29
4.96834e+03 4.16452e+29
4.96863e+03 4.09224e+29
4.96893e+03 4.02637e+29
4.96923e+03 3.96666e+29
4.96953e+03 3.91277e+29
4.96982e+03 3.86897e+29
4.97000e+03 3.84011e+29
4.97012e+03 3.81453e+29
4.97042e+03 3.78140e+29
4.97072e+03 3.74649e+29
4.97102e+03 3.71553e+29
4.97131e+03 3.68827e+29
4.97161e+03 3.66428e+29
4.97191e+03 3.64328e+29
4.97221e+03 3.62496e+29
4.97250e+03 3.60904e+29
4.97280e+03 3.59523e+29
4.97310e+03 3.58330e+29
4.97340e+03 3.57304e+29
4.97369e+03 3.56422e+29
4.97399e+03 3.55666e+29
4.97429e+03 3.55020e+29
4.97458e+03 3.54468e+29
4.97488e+03 3.53996e+29
4.97518e+03 3.53596e+29
4.97548e+03 3.53254e+29
4.97578e+03 3.52962e+29
4.97607e+03 3.52713e+29
4.97637e+03 3.52523e+29
4.97648e+03 3.52418e+29
4.97667e+03 3.52322e+29
4.97678e+03 3.52245e+29
4.97697e+03 3.52162e+29
4.97708e+03 3.52095e+29
4.97726e+03 3.52023e+29
4.97738e+03 3.51966e+29
4.97756e+03 3.51901e+29
4.97768e+03 3.51851e+29
4.97786e+03 3.51794e+29
4.97798e+03 3.51749e+29
4.97816e+03 3.51699e+29
4.97828e+03 3.51657e+29
4.97845e+03 3.51612e+29
4.97858e+03 3.51576e+29
4.97875e+03 3.51535e+29
4.97888e+03 3.51500e+29
4.97905e+03 3.51462e+29
4.97918e+03 3.51432e+29
4.97935e+03 3.51395e+29
4.97948e+03 3.51366e+29
4.97964e+03 3.51333e+29
4.97978e+03 3.51305e+29
4.97994e+03 3.51273e+29
4.98008e+03 3.51244e+29
4.98024e+03 3.51216e+29
4.98039e+03 3.51190e+29
4.98054e+03 3.51162e+29
4.98069e+03 3.51136e+29
4.98083e+03 3.51110e+29
4.98099e+03 3.51083e+29
4.98113e+03 3.51057e+29
4.98129e+03 3.51032e+29
4.98143e+03 3.51007e+29
4.98159e+03 3.50981e+29
4.98173e+03 3.50958e+29
4.98189e+03 3.50933e+29
4.98202e+03 3.50910e+29
4.98219e+03 3.50883e+29
4.98232e+03 3.50863e+29
4.98249e+03 3.50837e+29
4.98262e+03 3.50817e+29
4.98279e+03 3.50792e+29
4.98292e+03 3.50772e+29
4.98309e+03 3.50747e+29
4.98321e+03 3.50730e+29
4.98339e+03 3.50703e+29
4.98351e+03 3.50688e+29
4.98369e+03 3.50663e+29
4.98381e+03 3.50649e+29
4.98399e+03 3.50625e+29
4.98411e+03 3.50613e+29
4.98429e+03 3.50589e+29
4.98440e+03 3.50579e+29
4.98459e+03 3.50558e+29
4.98470e+03 3.50551e+29
4.98489e+03 3.50532e+29
4.98500e+03 3.50528e+29
4.98519e+03 3.50513e+29
4.98530e+03 3.50513e+29
4.98549e+03 3.50501e+29
4.98559e+03 3.50507e+29
4.98579e+03 3.50501e+29
4.98589e+03 3.50513e+29
4.98609e+03 3.50511e+29
4.98619e+03 3.50531e+29
4.98639e+03 3.50538e+29
4.98649e+03 3.50567e+29
4.98669e+03 3.50584e+29
4.98678e+03 3.50625e+29
4.98699e+03 3.50652e+29
4.98708e+03 3.50708e+29
4.98729e+03 3.50751e+29
4.98738e+03 3.50824e+29
4.98759e+03 3.50886e+29
4.98768e+03 3.50980e+29
4.98790e+03 3.51065e+29
4.98797e+03 3.51183e+29
4.98820e+03 3.51357e+29
4.98850e+03 3.51643e+29
4.98880e+03 3.52030e+29
4.98910e+03 3.52512e+29
4.98940e+03 3.53106e+29
4.98970e+03 3.53837e+29
4.99000e+03 3.54730e+29
4.99030e+03 3.55752e+29
4.99060e+03 3.56996e+29
4.99090e+03 3.58500e+29
4.99120e+03 3.60303e+29
4.99150e+03 3.62457e+29
4.99180e+03 3.65008e+29
4.99210e+03 3.68021e+29
4.99240e+03 3.71559e+29
4.99270e+03 3.75691e+29
4.99300e+03 3.80495e+29
4.99330e+03 3.86054e+29
4.99360e+03 3.92465e+29
4.99390e+03 3.99819e+29
4.99420e+03 4.08216e+29
4.99450e+03 4.17757e+29
4.99480e+03 4.28560e+29
4.99510e+03 4.40740e+29
4.99541e+03 4.54411e+29
4.99571e+03 4.69681e+29
4.99601e+03 4.86656e+29
4.99631e+03 5.05452e+29
4.99661e+03 5.26183e+29
4.99691e+03 5.48941e+29
4.99721e+03 5.73797e+29
4.99751e+03 6.00812e+29
4.99781e+03 6.30053e+29
4.99811e+03 6.61568e+29
4.99841e+03 6.95371e+29
4.99871e+03 7.31423e+29
4.99901e+03 7.69682e+29
4.99931e+03 8.10100e+29
4.99961e+03 8.52590e+29
4.99991e+03 8.97025e+29
5.00021e+03 9.43209e+29
5.00051e+03 9.90940e+29
5.00081e+03 1.03999e+30
5.00111e+03 1.09015e+30
5.00141e+03 1.14108e+30
5.00171e+03 1.19245e+30
5.00201e+03 1.24388e+30
5.00231e+03 1.29503e+30
5.00261e+03 1.34555e+30
5.00292e+03 1.39498e+30
5.00322e+03 1.44289e+30
5.00352e+03 1.48884e+30
5.00382e+03 1.53246e+30
5.00412e+03 1.57335e+30
5.00442e+03 1.61109e+30
5.00472e+03 1.64532e+30
5.00502e+03 1.67564e+30
5.00532e+03 1.70180e+30
5.00562e+03 1.72351e+30
5.00592e+03 1.74055e+30
5.00622e+03 1.75271e+30
5.00652e+03 1.75989e+30
5.00682e+03 1.76200e+30
5.00712e+03 1.75901e+30
5.00742e+03 1.75095e+30
5.00772e+03 1.73792e+30
5.00802e+03 1.72003e+30
5.00832e+03 1.69751e+30
5.00862e+03 1.67056e+30
5.00892e+03 1.63947e+30
5.00922e+03 1.60455e+30
5.00952e+03 1.56619e+30
5.00982e+03 1.52920e+30
5.01000e+03 1.50103e+30
5.01012e+03 1.47401e+30
5.01042e+03 1.43436e+30
5.01073e+03 1.38624e+30
5.01103e+03 1.33669e+30
5.01133e+03 1.28611e+30
5.01163e+03 1.23489e+30
5.01193e+03 1.18341e+30
5.01223e+03 1.13211e+30
5.01253e+03 1.08129e+30
5.01283e+03 1.03130e+30
5.01313e+03 9.82406e+29
5.01343e+03 9.34843e+29
5.01373e+03 8.88899e+29
5.01403e+03 8.44759e+29
5.01433e+03 8.02566e+29
5.01463e+03 7.62428e+29
5.01493e+03 7.24443e+29
5.01523e+03 6.88704e+29
5.01553e+03 6.55244e+29
5.01583e+03 6.24056e+29
5.01613e+03 5.95116e+29
5.01643e+03 5.68385e+29
5.01673e+03 5.43829e+29
5.01703e+03 5.21375e+29
5.01733e+03 5.00928e+29
5.01763e+03 4.82384e+29
5.01793e+03 4.65643e+29
5.01823e+03 4.50608e+29
5.01854e+03 4.37163e+29
5.01884e+03 4.25192e+29
5.01914e+03 4.14571e+29
5.01944e+03 4.05193e+29
5.01974e+03 3.96956e+29
5.02004e+03 3.89751e+29
5.02034e+03 3.83474e+29
5.02064e+03 3.78031e+29
5.02094e+03 3.73330e+29
5.02124e+03 3.69295e+29
5.02154e+03 3.65845e+29
5.02184e+03 3.62912e+29
5.02214e+03 3.60428e+29
5.02244e+03 3.58338e+29
5.02274e+03 3.56588e+29
5.02304e+03 3.55135e+29
5.02334e+03 3.53935e+29
5.02364e+03 3.52951e+29
5.02394e+03 3.52151e+29
5.02424e+03 3.51510e+29
5.02454e+03 3.50999e+29
5.02484e+03 3.50599e+29
5.02514e+03 3.50294e+29
5.02544e+03 3.50067e+29
5.02574e+03 3.49902e+29
5.02604e+03 3.49794e+29
5.02635e+03 3.49727e+29
5.02665e+03 3.49697e+29
5.02695e+03 3.49696e+29
5.02725e+03 3.49720e+29
5.02755e+03 3.49761e+29
5.02785e+03 3.49819e+29
5.02815e+03 3.49888e+29
5.02845e+03 3.49969e+29
5.02875e+03 3.50056e+29
5.02905e+03 3.50152e+29
5.02935e+03 3.50252e+29
5.02965e+03 3.50356e+29
5.02995e+03 3.50464e+29
5.03000e+03 3.50479e+29
5.03025e+03 3.50452e+29
5.03055e+03 3.50420e+29
5.03085e+03 3.50390e+29
5.03115e+03 3.50361e+29
5.03145e+03 3.50332e+29
5.03175e+03 3.50303e+29
5.03205e+03 3.50276e+29
5.03235e+03 3.50250e+29
5.03265e+03 3.50223e+29
5.03295e+03 3.50196e+29
5.03325e+03 3.50169e+29
5.03355e+03 3.50144e+29
5.03385e+03 3.50117e+29
5.03416e+03 3.50091e+29
5.03446e+03 3.50065e+29
5.03476e+03 3.50039e+29
5.03506e+03 3.50014e+29
5.03536e+03 3.49987e+29
5.03566e+03 3.49962e+29
5.03596e+03 3.49936e+29
5.03626e+03 3.49910e+29
5.05000e+03 3.48724e+29
5.07000e+03 3.55445e+29
5.09000e+03 3.52608e+29
5.11000e+03 3.54556e+29
5.13000e+03 3.52349e+29
5.15000e+03 3.50675e+29
5.17000e+03 3.48956e+29
5.19000e+03 3.52497e+29
5.21000e+03 3.54381e+29
5.23000e+03 3.57286e+29
5.25000e+03 3.61145e+29
5.27000e+03 3.53616e+29
5.29000e+03 3.64031e+29
5.31000e+03 3.67362e+29
5.33000e+03 3.60783e+29
5.35000e+03 3.68616e+29
5.37000e+03 3.69061e+29
5.39000e+03 3.67716e+29
5.41000e+03 3.66807e+29
5.43000e+03 3.68149e+29
5.45000e+03 3.72909e+29
5.47000e+03 3.71082e+29
5.49000e+03 3.71965e+29
5.51000e+03 3.72306e+29
5.53000e+03 3.75073e+29
5.55000e+03 3.77503e+29
5.57000e+03 3.76040e+29
5.59000e+03 3.74974e+29
5.61000e+03 3.78253e+29
5.63000e+03 3.78656e+29
5.65000e+03 3.79069e+29
5.67000e+03 3.77106e+29
5.69000e+03 3.81206e+29
5.71000e+03 3.77702e+29
5.73000e+03 3.86241e+29
5.75000e+03 3.84051e+29
5.77000e+03 3.85059e+29
5.79000e+03 3.81901e+29
5.81000e+03 3.85797e+29
5.83000e+03 3.88879e+29
5.85000e+03 3.86387e+29
5.87000e+03 3.92612e+29
5.89000e+03 3.78857e+29
5.91000e+03 3.86250e+29
5.93000e+03 3.87295e+29
5.95000e+03 3.87151e+29
5.97000e+03 3.90192e+29
5.99000e+03 3.88306e+29
6.01000e+03 3.87342e+29
6.03000e+03 3.90345e+29
6.05000e+03 3.92952e+29
6.07000e+03 3.92813e+29
6.09000e+03 3.89655e+29
6.11000e+03 3.90466e+29
6.13000e+03 3.85299e+29
6.15000e+03 3.87699e+29
6.17000e+03 3.84801e+29
6.19000e+03 3.91048e+29
6.21000e+03 3.90888e+29
6.23000e+03 3.87434e+29
6.25000e+03 3.82787e+29
6.27000e+03 3.90546e+29
6.29000e+03 3.97173e+29
6.31000e+03 3.91655e+29
6.33000e+03 3.87127e+29
6.35000e+03 3.87407e+29
6.37000e+03 3.88412e+29
6.39000e+03 3.90904e+29
6.41000e+03 3.89238e+29
6.43000e+03 3.91355e+29
6.45000e+03 3.92046e+29
6.47000e+03 3.92738e+29
6.49000e+03 3.89346e+29
6.51000e+03 3.90406e+29
6.52364e+03 3.91133e+29
6.52404e+03 3.91154e+29
6.52443e+03 3.91175e+29
6.52482e+03 3.91197e+29
6.52522e+03 3.91218e+29
6.52561e+03 3.91240e+29
6.52600e+03 3.91262e+29
6.52640e+03 3.91284e+29
6.52679e+03 3.91304e+29
6.52719e+03 3.91326e+29
6.52758e+03 3.91347e+29
6.52797e+03 3.91370e+29
6.52837e+03 3.91393e+29
6.52876e+03 3.91417e+29
6.52915e+03 3.91442e+29
6.52955e+03 3.91467e+29
6.52994e+03 3.91493e+29
6.53000e+03 3.91502e+29
6.53034e+03 3.91525e+29
6.53073e+03 3.91558e+29
6.53112e+03 3.91595e+29
6.53152e+03 3.91637e+29
6.53191e+03 3.91684e+29
6.53230e+03 3.91741e+29
6.53270e+03 3.91808e+29
6.53309e+03 3.91891e+29
6.53349e+03 3.91989e+29
6.53388e+03 3.92111e+29
6.53427e+03 3.92263e+29
6.53467e+03 3.92450e+29
6.53506e+03 3.92684e+29
6.53546e+03 3.92977e+29
6.53585e+03 3.93343e+29
6.53624e+03 3.93798e+29
6.53664e+03 3.94366e+29
6.53703e+03 3.95072e+29
6.53742e+03 3.95949e+29
6.53782e+03 3.97033e+29
6.53821e+03 3.98372e+29
6.53860e+03 4.00019e+29
6.53900e+03 4.02041e+29
6.53939e+03 4.04512e+29
6.53979e+03 4.07523e+29
6.54018e+03 4.11176e+29
6.54057e+03 4.15595e+29
6.54097e+03 4.20919e+29
6.54136e+03 4.27309e+29
6.54176e+03 4.34948e+29
6.54215e+03 4.44049e+29
6.54254e+03 4.54850e+29
6.54294e+03 4.67620e+29
6.54333e+03 4.82652e+29
6.54372e+03 5.00283e+29
6.54412e+03 5.20876e+29
6.54451e+03 5.44837e+29
6.54491e+03 5.72605e+29
6.54530e+03 6.04651e+29
6.54569e+03 6.41486e+29
6.54609e+03 6.83656e+29
6.54648e+03 7.31731e+29
6.54687e+03 7.86295e+29
6.54727e+03 8.47986e+29
6.54766e+03 9.17461e+29
6.54806e+03 9.95353e+29
6.54845e+03 1.08231e+30
6.54884e+03 1.17897e+30
6.54924e+03 1.28593e+30
6.54963e+03 1.40180e+30
6.55000e+03 1.49522e+30
6.55002e+03 1.56473e+30
6.55042e+03 1.67433e+30
6.55081e+03 1.82785e+30
6.55121e+03 1.99399e+30
6.55160e+03 2.17293e+30
6.55199e+03 2.36475e+30
6.55239e+03 2.56941e+30
6.55278e+03 2.78659e+30
6.55317e+03 3.01601e+30
6.55357e+03 3.25715e+30
6.55396e+03 3.50923e+30
6.55436e+03 3.77130e+30
6.55475e+03 4.04228e+30
6.55514e+03 4.32083e+30
6.55554e+03 4.60546e+30
6.55593e+03 4.89447e+30
6.55633e+03 5.18603e+30
6.55672e+03 5.47817e+30
6.55711e+03 5.76873e+30
6.55751e+03 6.05549e+30
6.55790e+03 6.33603e+30
6.55829e+03 6.60809e+30
6.55869e+03 6.86936e+30
6.55908e+03 7.11738e+30
6.55948e+03 7.34984e+30
6.55987e+03 7.56447e+30
6.56026e+03 7.75919e+30
6.56066e+03 7.93202e+30
6.56105e+03 8.08122e+30
6.56144e+03 8.20519e+30
6.56184e+03 8.30268e+30
6.56223e+03 8.37262e+30
6.56263e+03 8.41429e+30
6.56302e+03 8.42720e+30
6.56341e+03 8.41126e+30
6.56381e+03 8.36664e+30
6.56420e+03 8.29378e+30
6.56459e+03 8.19348e+30
6.56499e+03 8.06681e+30
6.56538e+03 7.91510e+30
6.56578e+03 7.73990e+30
6.56617e+03 7.54302e+30
6.56656e+03 7.32642e+30
6.56696e+03 7.09227e+30
6.56735e+03 6.84278e+30
6.56775e+03 6.58028e+30
6.56814e+03 6.30726e+30
6.56853e+03 6.02599e+30
6.56893e+03 5.73878e+30
6.56932e+03 5.44798e+30
6.56971e+03 5.17580e+30
6.57000e+03 4.97691e+30
6.57011e+03 4.81164e+30
6.57050e+03 4.57591e+30
6.57090e+03 4.29189e+30
6.57129e+03 4.01413e+30
6.57168e+03 3.74408e+30
6.57208e+03 3.48305e+30
6.57247e+03 3.23214e+30
6.57286e+03 2.99223e+30
6.57326e+03 2.76415e+30
6.57365e+03 2.54831e+30
6.57405e+03 2.34505e+30
6.57444e+03 2.15464e+30
6.57483e+03 1.97710e+30
6.57523e+03 1.81237e+30
6.57562e+03 1.66020e+30
6.57601e+03 1.52030e+30
6.57641e+03 1.39227e+30
6.57680e+03 1.27565e+30
6.57720e+03 1.16983e+30
6.57759e+03 1.07428e+30
6.57798e+03 9.88357e+29
6.57838e+03 9.11432e+29
6.57877e+03 8.42853e+29
6.57916e+03 7.81992e+29
6.57956e+03 7.28190e+29
6.57995e+03 6.80813e+29
6.58035e+03 6.39280e+29
6.58074e+03 6.03019e+29
6.58113e+03 5.71493e+29
6.58153e+03 5.44195e+29
6.58192e+03 5.20652e+29
6.58231e+03 5.00435e+29
6.58271e+03 4.83140e+29
6.58310e+03 4.68404e+29
6.58350e+03 4.55901e+29
6.58389e+03 4.45336e+29
6.58428e+03 4.36446e+29
6.58468e+03 4.28991e+29
6.58507e+03 4.22765e+29
6.58546e+03 4.17588e+29
6.58586e+03 4.13300e+29
6.58625e+03 4.09764e+29
6.58665e+03 4.06859e+29
6.58704e+03 4.04483e+29
6.58743e+03 4.02547e+29
6.58783e+03 4.00979e+29
6.58822e+03 3.99712e+29
6.58862e+03 3.98696e+29
6.58901e+03 3.97881e+29
6.58940e+03 3.97236e+29
6.58980e+03 3.96780e+29
6.59000e+03 3.96507e+29
6.59019e+03 3.96273e+29
6.59058e+03 3.96009e+29
6.59098e+03 3.95767e+29
6.59137e+03 3.95582e+29
6.59177e+03 3.95442e+29
6.59216e+03 3.95337e+29
6.59255e+03 3.95261e+29
6.59295e+03 3.95206e+29
6.59334e+03 3.95170e+29
6.59373e+03 3.95148e+29
6.59413e+03 3.95135e+29
6.59452e+03 3.95131e+29
6.59492e+03 3.95133e+29
6.59531e+03 3.95141e+29
6.59570e+03 3.95151e+29
6.59610e+03 3.95165e+29
6.59649e+03 3.95181e+29
6.59688e+03 3.95200e+29
6.59728e+03 3.95219e+29
6.59767e+03 3.95237e+29
6.59807e+03 3.95258e+29
6.59846e+03 3.95280e+29
6.59885e+03 3.95302e+29
6.59925e+03 3.95324e+29
6.59964e+03 3.95345e+29
6.60004e+03 3.95366e+29
6.60043e+03 3.95388e+29
6.60082e+03 3.95410e+29
6.60122e+03 3.95433e+29
6.60161e+03 3.95455e+29
6.60200e+03 3.95477e+29
6.61000e+03 3.95932e+29
6.63000e+03 3.97078e+29
6.65000e+03 3.98253e+29
6.67000e+03 3.99436e+29
6.69000e+03 4.00628e+29
6.71000e+03 4.01826e+29
6.73000e+03 4.03047e+29
6.75000e+03 4.04274e+29
6.77000e+03 4.05511e+29
6.79000e+03 4.06750e+29
6.81000e+03 4.08000e+29
6.83000e+03 4.10457e+29
6.85000e+03 4.08026e+29
6.87000e+03 4.11135e+29
6.89000e+03 4.14678e+29
6.91000e+03 4.14658e+29
6.93000e+03 4.14447e+29
6.95000e+03 4.13751e+29
6.97000e+03 4.16807e+29
6.99000e+03 4.16910e+29
7.01000e+03 4.15185e+29
7.03000e+03 4.19076e+29
7.05000e+03 4.21313e+29
7.07000e+03 4.17291e+29
7.09000e+03 4.17769e+29
7.11000e+03 4.15188e+29
7.13000e+03 4.43812e+29
7.15000e+03 4.19510e+29
7.17000e+03 4.17963e+29
7.19000e+03 4.13732e+29
7.21000e+03 4.18230e+29
7.23000e+03 4.21288e+29
7.25000e+03 4.23212e+29
7.27000e+03 4.24250e+29
7.29000e+03 4.20799e+29
7.31000e+03 4.25924e+29
7.33000e+03 4.34917e+29
7.35000e+03 4.29643e+29
7.37000e+03 4.34600e+29
7.39000e+03 4.31855e+29
7.41000e+03 4.30924e+29
7.43000e+03 4.36350e+29
7.45000e+03 4.37791e+29
7.47000e+03 4.40606e+29
7.49000e+03 4.41075e+29
7.51000e+03 4.43643e+29
7.53000e+03 4.47636e+29
7.55000e+03 4.50187e+29
7.57000e+03 4.50022e+29
7.59000e+03 4.47599e+29
7.61000e+03 4.45809e+29
7.63000e+03 4.41752e+29
7.65000e+03 4.39097e+29
7.67000e+03 4.32261e+29
7.69000e+03 4.37319e+29
7.71000e+03 4.33169e+29
7.73000e+03 4.34940e+29
7.75000e+03 4.33840e+29
7.77000e+03 4.35381e+29
7.79000e+03 4.38067e+29
7.81000e+03 4.38995e+29
7.83000e+03 4.37380e+29
7.85000e+03 4.35323e+29
7.87000e+03 4.37097e+29
7.89000e+03 4.32742e+29
7.91000e+03 4.27922e+29
7.93000e+03 4.29212e+29
7.95000e+03 4.27480e+29
7.97000e+03 4.34770e+29
7.99000e+03 4.34185e+29
8.01000e+03 4.40268e+29
8.03000e+03 4.41075e+29
8.05000e+03 4.40640e+29
8.07000e+03 4.43475e+29
8.09000e+03 4.41962e+29
8.11000e+03 4.44782e+29
8.13000e+03 4.50080e+29
8.15000e+03 4.53102e+29
8.17000e+03 4.55712e+29
8.19000e+03 4.52190e+29
8.21000e+03 4.46493e+29
8.23000e+03 4.47130e+29
8.25000e+03 4.47732e+29
8.27000e+03 4.48969e+29
8.29000e+03 4.46530e+29
8.31000e+03 4.40150e+29
8.33000e+03 4.36753e+29
8.35000e+03 4.39000e+29
8.37000e+03 4.37734e+29
8.39000e+03 4.32241e+29
8.41000e+03 4.37985e+29
8.43000e+03 4.30640e+29
8.45000e+03 4.28140e+29
8.47000e+03 4.22465e+29
8.49000e+03 4.32047e+29
8.51000e+03 4.10270e+29
8.53000e+03 4.34830e+29
8.55000e+03 3.84837e+29
8.57000e+03 4.46753e+29
8.59000e+03 4.31297e+29
8.61000e+03 4.30232e+29
8.63000e+03 4.54615e+29
8.65000e+03 4.45947e+29
8.67000e+03 3.89133e+29
8.69000e+03 4.50386e+29
8.71000e+03 4.63434e+29
8.73000e+03 4.59945e+29
8.75000e+03 4.28352e+29
8.77000e+03 4.57617e+29
8.79000e+03 4.72357e+29
8.81000e+03 4.70827e+29
8.83000e+03 4.69517e+29
8.85000e+03 4.55379e+29
8.87000e+03 4.27331e+29
8.89000e+03 4.60398e+29
8.91000e+03 4.68248e+29
8.93000e+03 4.66848e+29
8.95000e+03 4.67156e+29
8.97000e+03 4.67948e+29
8.99000e+03 4.63850e+29
9.01000e+03 4.31832e+29
9.03000e+03 4.52028e+29
9.05000e+03 4.67421e+29
9.07000e+03 4.67215e+29
9.09000e+03 4.67011e+29
9.11000e+03 4.66808e+29
9.13000e+03 4.66612e+29
9.15000e+03 4.66417e+29
9.17000e+03 4.66230e+29
9.19000e+03 4.66064e+29
9.21000e+03 4.64319e+29
9.23000e+03 4.31073e+29
9.25000e+03 4.53471e+29
9.27000e+03 4.63904e+29
9.29000e+03 4.63761e+29
9.31000e+03 4.65451e+29
9.33000e+03 4.67404e+29
9.35000e+03 4.65648e+29
9.37000e+03 4.62021e+29
9.39000e+03 4.67711e+29
9.41000e+03 4.62697e+29
9.43000e+03 4.69209e+29
9.45000e+03 4.67914e+29
9.47000e+03 4.72550e+29
9.49000e+03 4.72036e+29
9.51000e+03 4.65505e+29
9.53000e+03 4.60474e+29
9.55000e+03 4.38561e+29
9.57000e+03 4.62452e+29
9.59000e+03 4.73433e+29
9.61000e+03 4.72299e+29
9.63000e+03 4.74769e+29
9.65000e+03 4.72481e+29
9.67000e+03 4.72964e+29
9.69000e+03 4.77092e+29
9.71000e+03 4.73039e+29
9.73000e+03 4.70924e+29
9.75000e+03 4.70495e+29
9.77000e+03 4.72353e+29
9.79000e+03 4.69631e+29
9.81000e+03 4.74923e+29
9.83000e+03 4.73320e+29
9.85000e+03 4.74585e+29
9.87000e+03 4.73229e+29
9.89000e+03 4.73008e+29
9.91000e+03 4.73061e+29
9.93000e+03 4.74269e+29
9.95000e+03 4.75179e+29
9.97000e+03 4.75210e+29
9.99000e+03 4.74060e+29
1.00250e+04 4.65704e+29
1.00750e+04 4.59010e+29
1.01250e+04 4.74473e+29
1.01750e+04 4.72598e+29
1.02250e+04 4.74642e+29
1.02750e+04 4.76079e+29
1.03250e+04 5.04158e+29
1.03750e+04 4.71601e+29
1.04250e+04 4.73802e+29
1.04750e+04 4.69694e+29
1.05250e+04 4.67736e+29
1.05750e+04 4.62135e+29
1.06250e+04 4.59982e+29
1.06750e+04 4.58950e+29
1.07250e+04 4.61476e+29
1.07750e+04 4.59904e+29
1.08250e+04 5.01565e+29
1.08750e+04 4.55006e+29
1.09250e+04 4.51200e+29
1.09750e+04 4.47768e+29
1.10250e+04 4.51059e+29
1.10750e+04 4.47167e+29
1.11250e+04 4.47843e+29
1.11750e+04 4.46709e+29
1.12250e+04 4.48351e+29
1.12750e+04 4.46068e+29
1.13250e+04 4.46307e+29
1.13750e+04 4.46597e+29
1.14250e+04 4.45031e+29
1.14750e+04 4.49324e+29
1.15250e+04 4.49608e+29
1.15750e+04 4.47638e+29
1.16250e+04 4.44547e+29
1.16750e+04 4.45554e+29
1.17250e+04 4.48068e+29
1.17750e+04 4.43182e+29
1.18250e+04 4.41704e+29
1.18750e+04 4.37023e+29
1.19250e+04 4.43013e+29
1.19750e+04 4.35413e+29
1.20250e+04 4.42660e+29
1.20750e+04 4.41401e+29
1.21250e+04 4.42952e+29
1.21750e+04 4.44894e+29
1.22250e+04 4.44728e+29
1.22750e+04 4.43241e+29
1.23250e+04 4.43369e+29
1.23750e+04 4.43406e+29
1.24250e+04 4.41225e+29
1.24750e+04 4.40707e+29
1.25250e+04 4.39696e+29
1.25750e+04 4.39370e+29
1.26250e+04 4.38675e+29
1.26750e+04 4.37965e+29
1.27250e+04 4.38761e+29
1.27750e+04 4.40524e+29
1.28250e+04 4.59608e+29
1.28750e+04 4.35313e+29
1.29250e+04 4.34761e+29
1.29750e+04 4.38031e+29
1.30250e+04 4.35798e+29
1.30750e+04 4.36931e+29
1.31250e+04 4.32371e+29
1.31750e+04 4.31745e+29
1.32250e+04 4.32234e+29
1.32750e+04 4.28063e+29
1.33250e+04 4.29793e+29
1.33750e+04 4.27507e+29
1.34250e+04 4.28988e+29
1.34750e+04 4.27078e+29
1.35250e+04 4.26012e+29
1.35750e+04 4.21815e+29
1.36250e+04 4.20761e+29
1.36750e+04 4.21633e+29
1.37250e+04 4.21990e+29
1.37750e+04 4.21416e+29
1.38250e+04 4.21227e+29
1.38750e+04 4.17954e+29
1.39250e+04 4.07319e+29
1.39750e+04 4.06087e+29
1.40250e+04 4.02638e+29
1.40750e+04 4.04328e+29
1.41250e+04 4.00890e+29
1.41750e+04 4.02362e+29
1.42250e+04 3.98460e+29
1.42750e+04 3.95517e+29
1.43250e+04 3.99373e+29
1.43750e+04 4.00074e+29
1.44250e+04 3.93205e+29
1.44750e+04 3.98422e+29
1.45250e+04 3.94776e+29
1.45700e+04 3.96050e+29
1.46200e+04 3.90640e+29
1.46750e+04 3.89530e+29
1.47250e+04 3.86089e+29
1.47750e+04 3.87947e+29
1.48250e+04 3.88162e+29
1.48750e+04 3.86089e+29
1.49250e+04 3.91262e+29
1.49750e+04 3.88698e+29
1.50250e+04 3.87090e+29
1.50750e+04 3.85460e+29
1.51250e+04 3.89922e+29
1.51750e+04 3.90806e+29
1.52250e+04 3.91238e+29
1.52750e+04 3.90825e+29
1.53250e+04 3.89894e+29
1.53750e+04 3.91855e+29
1.54250e+04 3.88312e+29
1.54750e+04 3.91495e+29
1.55250e+04 3.89373e+29
1.55750e+04 3.74540e+29
1.56250e+04 3.79499e+29
1.56750e+04 3.78922e+29
1.57250e+04 3.82318e+29
1.57750e+04 3.68613e+29
1.58250e+04 3.66821e+29
1.58750e+04 3.62442e+29
1.59250e+04 3.77420e+29
1.59750e+04 3.70276e+29
1.60500e+04 3.67354e+29
1.61500e+04 3.70216e+29
1.62500e+04 3.65025e+29
1.63500e+04 3.74775e+29
1.64500e+04 3.64107e+29
1.65500e+04 3.71298e+29
1.66500e+04 3.61763e+29
1.67500e+04 3.64606e+29
1.68500e+04 3.55813e+29
1.69500e+04 3.62647e+29
1.70500e+04 3.59249e+29
1.71500e+04 3.56837e+29
1.72500e+04 3.54661e+29
1.73500e+04 3.42960e+29
1.74500e+04 3.46851e+29
1.75500e+04 3.43370e+29
1.76500e+04 3.40137e+29
1.77500e+04 3.34917e+29
1.78500e+04 3.32490e+29
1.79500e+04 3.28169e+29
1.80500e+04 3.21985e+29
1.81500e+04 3.15968e+29
1.82500e+04 3.15163e+29
1.83500e+04 3.12170e+29
1.84500e+04 3.07964e+29
1.85500e+04 3.04781e+29
1.86500e+04 2.98703e+29
1.87500e+04 3.71815e+29
1.88500e+04 2.91804e+29
1.89500e+04 2.84695e+29
1.90500e+04 2.86081e+29
1.91500e+04 2.81371e+29
1.92500e+04 2.78517e+29
1.93500e+04 2.72609e+29
1.94500e+04 2.69919e+29
1.95500e+04 2.65419e+29
1.96500e+04 2.61059e+29
1.97500e+04 2.55583e+29
1.98500e+04 2.52694e+29
1.99500e+04 2.49494e+29
2.00500e+04 2.47657e+29
2.01500e+04 2.44488e+29
2.02500e+04 2.39391e+29
2.03500e+04 2.36325e+29
2.04500e+04 2.35406e+29
2.05500e+04 2.32834e+29
2.06500e+04 2.28445e+29
2.07500e+04 2.26049e+29
2.08500e+04 2.23274e+29
2.09500e+04 2.19816e+29
2.10500e+04 2.18490e+29
2.11500e+04 2.15144e+29
2.12500e+04 2.14486e+29
2.13500e+04 2.10476e+29
2.14500e+04 2.07747e+29
2.15500e+04 2.04701e+29
2.16500e+04 2.06604e+29
2.17500e+04 1.98776e+29
2.18500e+04 1.96864e+29
2.19500e+04 1.95180e+29
2.20500e+04 1.91628e+29
2.21500e+04 1.91021e+29
2.22500e+04 1.87582e+29
2.23500e+04 1.85728e+29
2.24500e+04 1.83783e+29
2.25500e+04 1.81977e+29
2.26500e+04 1.79154e+29
2.27500e+04 1.78251e+29
2.28500e+04 1.75315e+29
2.29500e+04 1.52436e+29
2.30500e+04 1.60917e+29
2.31500e+04 1.60126e+29
2.32500e+04 1.41235e+29
2.33500e+04 1.50682e+29
2.34500e+04 1.46179e+29
2.35500e+04 1.32376e+29
2.36500e+04 1.42064e+29
2.37500e+04 1.38037e+29
2.38500e+04 1.27318e+29
2.39500e+04 1.34829e+29
2.40500e+04 1.33322e+29
2.41500e+04 1.23905e+29
2.42500e+04 1.29184e+29
2.43500e+04 1.27123e+29
2.44500e+04 1.21539e+29
2.45500e+04 1.21346e+29
2.46500e+04 1.22666e+29
2.47500e+04 1.18750e+29
2.48500e+04 1.10226e+29
2.49500e+04 1.09381e+29
2.50500e+04 1.11882e+29
2.51500e+04 1.05359e+29
2.52500e+04 1.08120e+29
2.53500e+04 1.08817e+29
2.54500e+04 1.07421e+29
2.55500e+04 1.06711e+29
2.56500e+04 1.06962e+29
2.57500e+04 1.08545e+29
2.58500e+04 1.05327e+29
2.59500e+04 1.06465e+29
2.60500e+04 1.06889e+29
2.61500e+04 1.04971e+29
2.62500e+04 1.15743e+29
2.63500e+04 1.05036e+29
2.64500e+04 1.04767e+29
2.65500e+04 1.03570e+29
2.66500e+04 1.02271e+29
2.67500e+04 1.03093e+29
2.68500e+04 1.02987e+29
2.69500e+04 1.01285e+29
2.70500e+04 1.01825e+29
2.71500e+04 1.01233e+29
2.72500e+04 1.01205e+29
2.73500e+04 9.93622e+28
2.74500e+04 9.97043e+28
2.75500e+04 9.89886e+28
2.76500e+04 9.84584e+28
2.77500e+04 9.75331e+28
2.78500e+04 9.76611e+28
2.79500e+04 9.76727e+28
2.80500e+04 9.69226e+28
2.81500e+04 9.57071e+28
2.82500e+04 9.54350e+28
2.83500e+04 9.52101e+28
2.84500e+04 9.43245e+28
2.85500e+04 9.31848e+28
2.86500e+04 9.21344e+28
2.87500e+04 9.06138e+28
2.88500e+04 9.04111e+28
2.89500e+04 8.95187e+28
2.90500e+04 8.85258e+28
2.91500e+04 8.77524e+28
2.92500e+04 8.64084e+28
2.93500e+04 8.60038e+28
2.94500e+04 8.47785e+28
2.95500e+04 8.39429e+28
2.96500e+04 8.32871e+28
2.97500e+04 8.24008e+28
2.98500e+04 8.13754e+28
2.99500e+04 8.05018e+28
3.00500e+04 7.96581e+28
3.01500e+04 7.90608e+28
3.02500e+04 7.81599e+28
3.03500e+04 7.66778e+28
3.04500e+04 7.65084e+28
3.05500e+04 7.59281e+28
3.06500e+04 7.52277e+28
3.07500e+04 7.46374e+28
3.08500e+04 7.37764e+28
3.09500e+04 7.31461e+28
3.10500e+04 7.26459e+28
3.11500e+04 7.16146e+28
3.12500e+04 7.11745e+28
3.13500e+04 7.05140e+28
3.14500e+04 6.98133e+28
3.15500e+04 6.90613e+28
3.16500e+04 6.83556e+28
3.17500e+04 6.78527e+28
3.18500e+04 6.71991e+28
3.19500e+04 6.66457e+28
3.21000e+04 6.56382e+28
3.23000e+04 6.43557e+28
3.25000e+04 6.31239e+28
3.27000e+04 6.18522e+28
3.29000e+04 6.02403e+28
3.31000e+04 5.93101e+28
3.33000e+04 5.81397e+28
3.35000e+04 5.70999e+28
3.37000e+04 5.59003e+28
3.39000e+04 5.46910e+28
3.41000e+04 5.35420e+28
3.43000e+04 5.25570e+28
3.45000e+04 5.15131e+28
3.47000e+04 5.04502e+28
3.49000e+04 4.94367e+28
3.51000e+04 4.84632e+28
3.53000e+04 4.74099e+28
3.55000e+04 4.64968e+28
3.57000e+04 4.55136e+28
3.59000e+04 4.46308e+28
3.61000e+04 4.37579e+28
3.63000e+04 4.29253e+28
3.65000e+04 4.19326e+28
3.67000e+04 4.11502e+28
3.69000e+04 4.01579e+28
3.71000e+04 3.93755e+28
3.73000e+04 3.86534e+28
3.75000e+04 3.76322e+28
3.77000e+04 3.72362e+28
3.79000e+04 3.64981e+28
3.81000e+04 3.57801e+28
3.83000e+04 3.51624e+28
3.85000e+04 3.45444e+28
3.87000e+04 3.37967e+28
3.89000e+04 3.31687e+28
3.91000e+04 3.25107e+28
3.93000e+04 3.19824e+28
3.95000e+04 3.12944e+28
3.97000e+04 3.07262e+28
3.99000e+04 3.00378e+28
4.01000e+04 2.95294e+28
4.03000e+04 2.90110e+28
4.05000e+04 4.36311e+28
4.07000e+04 2.79843e+28
4.09000e+04 2.75054e+28
4.11000e+04 2.70369e+28
4.13000e+04 2.65780e+28
4.15000e+04 2.60694e+28
4.17000e+04 2.55306e+28
4.19000e+04 2.51492e+28
4.21000e+04 2.46788e+28
4.23000e+04 2.43381e+28
4.25000e+04 2.38673e+28
4.27000e+04 2.34968e+28
4.29000e+04 2.22959e+28
4.31000e+04 2.12352e+28
4.33000e+04 2.13047e+28
4.35000e+04 2.02640e+28
4.37000e+04 1.97135e+28
4.39000e+04 1.93430e+28
4.41000e+04 1.84024e+28
4.43000e+04 1.82620e+28
4.45000e+04 1.78515e+28
4.47000e+04 1.71011e+28
4.49000e+04 1.72107e+28
4.51000e+04 1.67404e+28
4.53000e+04 1.61900e+28
4.55000e+04 1.61796e+28
4.57000e+04 1.59493e+28
4.59000e+04 1.53291e+28
4.61000e+04 1.54487e+28
4.63000e+04 1.50884e+28
4.65000e+04 1.48580e+28
4.67000e+04 1.47282e+28
4.69000e+04 1.45182e+28
4.71000e+04 1.42283e+28
4.73000e+04 1.42583e+28
4.75000e+04 1.39583e+28
4.77000e+04 1.37684e+28
4.79000e+04 1.35786e+28
4.81000e+04 1.32686e+28
4.83000e+04 1.33286e+28
4.85000e+04 1.30686e+28
4.87000e+04 1.28088e+28
4.89000e+04 1.26788e+28
4.91000e+04 1.24688e+28
4.93000e+04 1.22988e+28
4.95000e+04 1.20989e+28
4.97000e+04 1.20189e+28
4.99000e+04 1.18290e+28
5.01000e+04 1.17091e+28
5.03000e+04 1.15491e+28
5.05000e+04 1.12892e+28
5.07000e+04 1.11892e+28
5.09000e+04 1.10593e+28
5.11000e+04 1.08593e+28
5.13000e+04 1.07093e+28
5.15000e+04 1.05794e+28
5.17000e+04 1.05494e+28
5.19000e+04 1.03494e+28
5.21000e+04 1.02094e+28
5.23000e+04 1.00594e+28
5.25000e+04 9.98149e+27
5.27000e+04 9.94952e+27
5.29000e+04 9.69457e+27
5.31000e+04 9.55459e+27
5.33000e+04 9.48762e+27
5.35000e+04 9.36665e+27
5.37000e+04 9.25668e+27
5.39000e+04 9.15771e+27
5.41000e+04 9.04372e+27
5.43000e+04 8.88475e+27
5.45000e+04 8.84278e+27
5.47000e+04 8.68681e+27
5.49000e+04 8.60883e+27
5.51000e+04 8.47086e+27
5.53000e+04 8.50087e+27
5.55000e+04 8.27090e+27
5.57000e+04 8.25692e+27
5.59000e+04 8.11295e+27
5.61000e+04 8.06297e+27
5.63000e+04 7.90398e+27
5.65000e+04 7.87001e+27
5.67000e+04 7.76702e+27
5.69000e+04 7.62204e+27
5.71000e+04 7.59506e+27
5.73000e+04 7.50508e+27
5.75000e+04 7.41010e+27
5.77000e+04 7.31312e+27
5.79000e+04 7.26285e+27
5.81000e+04 7.15303e+27
5.83000e+04 7.07499e+27
5.85000e+04 6.98999e+27
5.87000e+04 6.88100e+27
5.89000e+04 6.81000e+27
5.91000e+04 6.71100e+27
5.93000e+04 6.66700e+27
5.95000e+04 6.57300e+27
5.97000e+04 6.52200e+27
5.99000e+04 6.44600e+27
6.01000e+04 6.37200e+27
6.03000e+04 6.29500e+27
6.05000e+04 6.20300e+27
6.07000e+04 6.13700e+27
6.09000e+04 6.06300e+27
6.11000e+04 5.98600e+27
6.13000e+04 5.93100e+27
6.15000e+04 5.86800e+27
6.17000e+04 5.81600e+27
6.19000e+04 5.74400e+27
6.21000e+04 5.68800e+27
6.23000e+04 5.61000e+27
6.25000e+04 5.53100e+27
6.27000e+04 5.47200e+27
6.29000e+04 5.41300e+27
6.31000e+04 5.35000e+27
6.33000e+04 5.30600e+27
6.35000e+04 5.23600e+27
6.37000e+04 5.19500e+27
6.39000e+04 5.11500e+27
6.42000e+04 5.04100e+27
6.46000e+04 4.92200e+27
6.50000e+04 4.81600e+27
6.54000e+04 4.70800e+27
6.58000e+04 4.61100e+27
6.62000e+04 4.50600e+27
6.66000e+04 4.40900e+27
6.70000e+04 4.31600e+27
6.74000e+04 4.21900e+27
6.78000e+04 4.12800e+27
6.82000e+04 4.03800e+27
6.86000e+04 3.95500e+27
6.90000e+04 3.86800e+27
6.94000e+04 3.78700e+27
6.98000e+04 3.70700e+27
7.02000e+04 3.62800e+27
7.06000e+04 3.55300e+27
7.10000e+04 3.47800e+27
7.14000e+04 3.40700e+27
7.18000e+04 3.33500e+27
7.22000e+04 3.26800e+27
7.26000e+04 3.20000e+27
7.30000e+04 3.13500e+27
7.34000e+04 3.07000e+27
7.38000e+04 3.00900e+27
7.42000e+04 2.94300e+27
7.46000e+04 2.87700e+27
7.50000e+04 2.82000e+27
7.54000e+04 2.77000e+27
7.58000e+04 2.71700e+27
7.62000e+04 2.66400e+27
7.66000e+04 2.61200e+27
7.70000e+04 2.56000e+27
7.74000e+04 2.51100e+27
7.78000e+04 2.46200e+27
7.82000e+04 2.41500e+27
7.86000e+04 2.36900e+27
7.90000e+04 2.32400e+27
7.94000e+04 2.28000e+27
7.98000e+04 2.23700e+27
8.02000e+04 2.19400e+27
8.06000e+04 2.15300e+27
8.10000e+04 2.11400e+27
8.14000e+04 2.07400e+27
8.18000e+04 2.03600e+27
8.22000e+04 1.99900e+27
8.26000e+04 1.96200e+27
8.30000e+04 1.92700e+27
8.34000e+04 1.89100e+27
8.38000e+04 1.85800e+27
8.42000e+04 1.82500e+27
8.46000e+04 1.79200e+27
8.50000e+04 1.76000e+27
8.54000e+04 1.72900e+27
8.58000e+04 1.69900e+27
8.62000e+04 1.66900e+27
8.66000e+04 1.64100e+27
8.70000e+04 1.61200e+27
8.74000e+04 1.58400e+27
8.78000e+04 1.55700e+27
8.82000e+04 1.53000e+27
8.86000e+04 1.50400e+27
8.90000e+04 1.47800e+27
8.94000e+04 1.45400e+27
8.98000e+04 1.42900e+27
9.02000e+04 1.40500e+27
9.06000e+04 1.38200e+27
9.10000e+04 1.35800e+27
9.14000e+04 1.33500e+27
9.18000e+04 1.31400e+27
9.22000e+04 1.29300e+27
9.26000e+04 1.27100e+27
9.30000e+04 1.25100e+27
9.34000e+04 1.23000e+27
9.38000e+04 1.21100e+27
9.42000e+04 1.19100e+27
9.46000e+04 1.17200e+27
9.50000e+04 1.15400e+27
9.54000e+04 1.13600e+27
9.58000e+04 1.11800e+27
9.62000e+04 1.10000e+27
9.66000e+04 1.08300e+27
9.70000e+04 1.06600e+27
9.74000e+04 1.04900e+27
9.78000e+04 1.03300e+27
9.82000e+04 1.01800e+27
9.86000e+04 1.00200e+27
9.90000e+04 9.87100e+26
9.94000e+04 9.72000e+26
9.98000e+04 9.57300e+26
1.00200e+05 9.42900e+26
2.00000e+05 7.18800e+25
4.00000e+05 7.20500e+24
6.00000e+05 2.36600e+24
8.00000e+05 1.19100e+24
1.00000e+06 7.29200e+23
1.20000e+06 5.03500e+23
1.40000e+06 3.70400e+23
1.60000e+06 2.84800e+23
