9.10000e+01 1.66136e-03
9.40000e+01 1.64337e-03
9.60000e+01 1.66443e-03
9.80000e+01 1.67453e-03
1.00000e+02 1.68535e-03
1.02000e+02 1.69686e-03
1.04000e+02 1.70905e-03
1.06000e+02 1.72194e-03
1.08000e+02 1.73555e-03
1.10000e+02 1.76972e-03
1.14000e+02 1.78017e-03
1.18000e+02 1.80123e-03
1.21000e+02 1.84413e-03
1.25000e+02 1.84781e-03
1.27000e+02 1.87327e-03
1.28000e+02 1.91029e-03
1.31000e+02 1.89763e-03
1.32000e+02 1.93477e-03
1.34000e+02 1.95688e-03
1.37000e+02 1.98564e-03
1.40000e+02 2.02566e-03
1.43000e+02 2.07738e-03
1.47000e+02 2.12263e-03
1.51000e+02 2.17958e-03
1.55000e+02 2.23813e-03
1.59000e+02 2.28738e-03
1.62000e+02 2.36164e-03
1.66000e+02 2.42540e-03
1.70000e+02 2.49114e-03
1.73000e+02 2.57625e-03
1.77000e+02 2.63355e-03
1.80000e+02 2.69646e-03
1.82000e+02 2.77947e-03
1.86000e+02 2.85520e-03
1.91000e+02 2.92456e-03
1.94000e+02 3.02819e-03
1.98000e+02 3.10284e-03
2.02000e+02 3.17920e-03
2.05000e+02 3.29021e-03
2.10000e+02 3.39643e-03
2.16000e+02 3.50107e-03
2.20000e+02 3.61533e-03
2.23000e+02 3.72309e-03
2.27000e+02 8.85300e-03
2.30000e+02 4.49475e-02
2.34000e+02 4.85505e-02
2.40000e+02 4.66218e-02
2.46000e+02 4.48756e-02
2.52000e+02 4.32579e-02
2.57000e+02 4.19995e-02
2.60000e+02 4.12654e-02
2.64000e+02 4.03554e-02
2.69000e+02 3.90837e-02
2.74000e+02 3.78339e-02
2.79000e+02 3.65328e-02
2.84000e+02 3.55895e-02
2.90000e+02 3.43836e-02
2.96000e+02 3.30778e-02
3.01000e+02 3.20531e-02
3.08000e+02 3.08299e-02
3.18000e+02 2.90429e-02
3.28000e+02 2.73139e-02
3.38000e+02 2.56489e-02
3.48000e+02 2.41817e-02
3.57000e+02 2.33375e-02
3.66000e+02 2.28012e-02
3.75000e+02 2.17786e-02
3.85000e+02 2.04991e-02
3.95000e+02 2.00999e-02
4.05000e+02 1.96473e-02
4.14000e+02 1.88395e-02
4.22000e+02 1.79368e-02
4.30000e+02 1.72271e-02
4.41000e+02 1.66690e-02
4.51000e+02 1.59966e-02
4.60000e+02 1.51423e-02
4.70000e+02 1.45293e-02
4.80000e+02 1.40952e-02
4.90000e+02 1.33509e-02
5.00000e+02 1.31057e-02
5.06000e+02 1.27504e-02
5.12000e+02 1.32617e-02
5.20000e+02 1.28181e-02
5.30000e+02 1.20822e-02
5.40000e+02 1.11963e-02
5.50000e+02 1.07381e-02
5.60000e+02 1.08956e-02
5.70000e+02 1.08360e-02
5.80000e+02 1.04732e-02
5.90000e+02 1.00885e-02
6.00000e+02 9.41027e-03
6.10000e+02 9.02227e-03
6.20000e+02 9.14281e-03
6.30000e+02 8.81985e-03
6.40000e+02 8.73067e-03
6.50000e+02 8.39047e-03
6.58000e+02 8.04630e-03
6.65000e+02 8.11004e-03
6.75000e+02 7.94402e-03
6.85000e+02 7.49213e-03
6.95000e+02 7.42371e-03
7.05000e+02 6.96289e-03
7.16000e+02 7.09091e-03
7.26000e+02 6.99258e-03
7.35000e+02 6.82215e-03
7.45000e+02 6.57107e-03
7.55000e+02 6.33434e-03
7.65000e+02 6.00603e-03
7.75000e+02 5.97439e-03
7.85000e+02 5.71019e-03
7.95000e+02 5.67358e-03
8.05000e+02 5.60706e-03
8.15000e+02 5.49101e-03
8.25000e+02 5.32456e-03
8.35000e+02 4.89466e-03
8.45000e+02 5.01142e-03
8.55000e+02 4.92992e-03
8.65000e+02 4.88031e-03
8.75000e+02 4.80103e-03
8.85000e+02 4.70931e-03
8.95000e+02 4.62063e-03
9.05000e+02 5.42191e-03
9.15000e+02 1.11891e-02
9.25000e+02 1.53935e-02
9.35000e+02 1.90608e-02
9.45000e+02 2.22535e-02
9.55000e+02 2.41206e-02
9.65000e+02 2.38421e-02
9.75000e+02 1.71001e-02
9.85000e+02 2.02818e-02
9.95000e+02 2.05061e-02
1.00500e+03 2.20588e-02
1.01500e+03 2.17678e-02
1.02500e+03 1.84796e-02
1.03500e+03 2.01959e-02
1.04500e+03 2.31400e-02
1.05500e+03 2.24659e-02
1.06500e+03 2.03080e-02
1.07500e+03 2.02487e-02
1.08500e+03 1.88667e-02
1.09500e+03 1.97289e-02
1.10500e+03 1.89996e-02
1.11500e+03 1.80906e-02
1.12500e+03 1.67811e-02
1.13500e+03 1.76243e-02
1.14500e+03 1.70255e-02
1.15500e+03 1.65717e-02
1.16500e+03 1.56182e-02
1.17500e+03 1.30175e-02
1.18500e+03 1.43814e-02
1.19500e+03 1.33183e-02
1.20500e+03 1.19576e-02
1.20872e+03 1.12510e-02
1.20880e+03 1.16387e-02
1.20887e+03 1.16988e-02
1.20894e+03 1.17680e-02
1.20902e+03 1.18470e-02
1.20909e+03 1.19370e-02
1.20916e+03 1.20393e-02
1.20923e+03 1.21549e-02
1.20931e+03 1.22853e-02
1.20938e+03 1.24322e-02
1.20945e+03 1.25968e-02
1.20953e+03 1.27809e-02
1.20960e+03 1.29867e-02
1.20967e+03 1.32158e-02
1.20975e+03 1.34706e-02
1.20982e+03 1.37534e-02
1.20989e+03 1.40664e-02
1.20996e+03 1.44123e-02
1.21004e+03 1.47940e-02
1.21011e+03 1.52145e-02
1.21018e+03 1.56766e-02
1.21026e+03 1.61834e-02
1.21033e+03 1.67391e-02
1.21040e+03 1.73468e-02
1.21047e+03 1.80099e-02
1.21055e+03 1.87332e-02
1.21062e+03 1.95204e-02
1.21069e+03 2.03755e-02
1.21077e+03 2.13032e-02
1.21084e+03 2.23082e-02
1.21091e+03 2.33948e-02
1.21099e+03 2.45681e-02
1.21106e+03 2.58338e-02
1.21113e+03 2.71952e-02
1.21120e+03 2.86578e-02
1.21128e+03 3.02275e-02
1.21135e+03 3.19089e-02
1.21142e+03 3.37066e-02
1.21150e+03 3.56267e-02
1.21157e+03 3.76739e-02
1.21164e+03 3.98520e-02
1.21172e+03 4.21676e-02
1.21179e+03 4.46245e-02
1.21186e+03 4.72259e-02
1.21193e+03 4.99782e-02
1.21201e+03 5.28853e-02
1.21208e+03 5.59485e-02
1.21215e+03 5.91707e-02
1.21223e+03 6.25571e-02
1.21230e+03 6.61091e-02
1.21237e+03 6.98270e-02
1.21244e+03 7.37145e-02
1.21252e+03 7.77708e-02
1.21259e+03 8.19948e-02
1.21266e+03 8.63888e-02
1.21274e+03 9.09496e-02
1.21281e+03 9.56733e-02
1.21288e+03 1.00561e-01
1.21296e+03 1.05608e-01
1.21303e+03 1.10807e-01
1.21310e+03 1.16152e-01
1.21317e+03 1.21642e-01
1.21325e+03 1.27266e-01
1.21332e+03 1.33013e-01
1.21339e+03 1.38880e-01
1.21347e+03 1.44854e-01
1.21354e+03 1.50923e-01
1.21361e+03 1.57078e-01
1.21369e+03 1.63307e-01
1.21376e+03 1.69594e-01
1.21383e+03 1.75923e-01
1.21390e+03 1.82282e-01
1.21398e+03 1.88655e-01
1.21405e+03 1.95024e-01
1.21412e+03 2.01376e-01
1.21420e+03 2.07689e-01
1.21427e+03 2.13947e-01
1.21434e+03 2.20133e-01
1.21441e+03 2.26229e-01
1.21449e+03 2.32209e-01
1.21456e+03 2.38066e-01
1.21463e+03 2.43776e-01
1.21471e+03 2.49316e-01
1.21478e+03 2.54670e-01
1.21485e+03 2.59821e-01
1.21493e+03 2.64776e-01
1.21500e+03 2.69493e-01
1.21507e+03 2.73933e-01
1.21514e+03 2.78110e-01
1.21522e+03 2.82020e-01
1.21529e+03 2.85631e-01
1.21536e+03 2.88928e-01
1.21544e+03 2.91897e-01
1.21551e+03 2.94531e-01
1.21558e+03 2.96818e-01
1.21566e+03 2.98747e-01
1.21573e+03 3.00313e-01
1.21580e+03 3.01510e-01
1.21587e+03 3.02334e-01
1.21595e+03 3.02780e-01
1.21602e+03 3.02848e-01
1.21609e+03 3.02535e-01
1.21617e+03 3.01845e-01
1.21624e+03 3.00782e-01
1.21631e+03 2.99349e-01
1.21638e+03 2.97550e-01
1.21646e+03 2.95393e-01
1.21653e+03 2.92884e-01
1.21660e+03 2.90038e-01
1.21668e+03 2.86861e-01
1.21675e+03 2.83368e-01
1.21682e+03 2.79571e-01
1.21690e+03 2.75482e-01
1.21697e+03 2.71121e-01
1.21704e+03 2.66499e-01
1.21711e+03 2.61636e-01
1.21719e+03 2.56544e-01
1.21726e+03 2.51246e-01
1.21733e+03 2.45760e-01
1.21741e+03 2.40100e-01
1.21748e+03 2.34285e-01
1.21755e+03 2.28338e-01
1.21763e+03 2.22279e-01
1.21770e+03 2.16122e-01
1.21777e+03 2.09887e-01
1.21784e+03 2.03594e-01
1.21792e+03 1.97257e-01
1.21799e+03 1.90897e-01
1.21806e+03 1.84534e-01
1.21814e+03 1.78175e-01
1.21821e+03 1.71842e-01
1.21828e+03 1.65554e-01
1.21835e+03 1.59317e-01
1.21843e+03 1.53146e-01
1.21850e+03 1.47061e-01
1.21857e+03 1.41071e-01
1.21865e+03 1.35183e-01
1.21872e+03 1.29410e-01
1.21879e+03 1.23763e-01
1.21887e+03 1.18246e-01
1.21894e+03 1.12869e-01
1.21901e+03 1.07642e-01
1.21908e+03 1.02565e-01
1.21916e+03 9.76416e-02
1.21923e+03 9.28819e-02
1.21930e+03 8.82879e-02
1.21938e+03 8.38587e-02
1.21945e+03 7.95977e-02
1.21952e+03 7.55073e-02
1.21960e+03 7.15841e-02
1.21967e+03 6.78297e-02
1.21974e+03 6.42444e-02
1.21981e+03 6.08235e-02
1.21989e+03 5.75657e-02
1.21996e+03 5.44709e-02
1.22003e+03 5.15328e-02
1.22011e+03 4.87477e-02
1.22018e+03 4.61148e-02
1.22025e+03 4.36297e-02
1.22032e+03 4.12859e-02
1.22040e+03 3.90798e-02
1.22047e+03 3.70077e-02
1.22054e+03 3.50628e-02
1.22062e+03 3.32410e-02
1.22069e+03 3.15382e-02
1.22076e+03 2.99477e-02
1.22084e+03 2.84650e-02
1.22091e+03 2.70859e-02
1.22098e+03 2.58038e-02
1.22105e+03 2.46141e-02
1.22113e+03 2.35126e-02
1.22120e+03 2.24947e-02
1.22127e+03 2.15547e-02
1.22135e+03 2.06881e-02
1.22142e+03 1.98913e-02
1.22149e+03 1.91592e-02
1.22157e+03 1.84877e-02
1.22164e+03 1.78734e-02
1.22171e+03 1.73117e-02
1.22178e+03 1.67995e-02
1.22186e+03 1.63331e-02
1.22193e+03 1.59094e-02
1.22200e+03 1.55248e-02
1.22208e+03 1.51766e-02
1.22215e+03 1.48624e-02
1.22222e+03 1.45790e-02
1.22229e+03 1.43239e-02
1.22237e+03 1.40954e-02
1.22244e+03 1.38905e-02
1.22251e+03 1.37076e-02
1.22259e+03 1.35449e-02
1.22266e+03 1.34004e-02
1.22273e+03 1.32725e-02
1.22281e+03 1.31599e-02
1.22288e+03 1.30609e-02
1.22295e+03 1.29744e-02
1.22302e+03 1.28994e-02
1.22310e+03 1.28344e-02
1.22317e+03 1.27785e-02
1.22324e+03 1.28602e-02
1.22500e+03 1.35175e-02
1.23500e+03 1.43927e-02
1.24500e+03 1.47177e-02
1.25500e+03 1.45325e-02
1.26500e+03 1.43455e-02
1.27500e+03 1.49659e-02
1.28500e+03 1.49612e-02
1.29500e+03 1.38996e-02
1.30500e+03 1.39096e-02
1.31500e+03 1.47627e-02
1.32500e+03 1.44712e-02
1.33500e+03 1.39646e-02
1.34500e+03 1.45328e-02
1.35500e+03 1.43917e-02
1.36500e+03 1.38443e-02
1.37500e+03 1.37875e-02
1.38500e+03 1.35220e-02
1.39500e+03 1.19809e-02
1.40500e+03 1.18189e-02
1.41500e+03 1.31027e-02
1.42500e+03 1.32132e-02
1.43500e+03 1.34072e-02
1.44200e+03 1.35846e-02
1.44700e+03 1.35931e-02
1.45500e+03 1.33418e-02
1.46500e+03 1.29700e-02
1.47500e+03 1.29851e-02
1.48500e+03 1.30791e-02
1.49500e+03 1.29956e-02
1.50500e+03 1.26464e-02
1.51200e+03 1.21354e-02
1.51700e+03 1.22338e-02
1.52500e+03 1.20727e-02
1.53500e+03 1.12796e-02
1.54500e+03 1.08004e-02
1.55500e+03 1.07702e-02
1.56500e+03 1.12192e-02
1.57500e+03 1.16838e-02
1.58500e+03 1.19393e-02
1.59500e+03 1.19798e-02
1.60500e+03 1.17245e-02
1.61500e+03 1.16453e-02
1.62500e+03 1.15055e-02
1.63500e+03 1.17250e-02
1.64500e+03 1.18591e-02
1.65500e+03 1.15514e-02
1.66500e+03 1.19403e-02
1.67200e+03 1.15051e-02
1.67700e+03 1.28078e-02
1.68500e+03 1.30054e-02
1.69500e+03 1.26143e-02
1.70500e+03 1.25851e-02
1.71500e+03 1.27746e-02
1.72500e+03 1.29945e-02
1.73500e+03 1.36227e-02
1.74500e+03 1.37173e-02
1.75500e+03 1.42609e-02
1.76500e+03 1.34426e-02
1.77500e+03 1.38497e-02
1.78500e+03 1.44720e-02
1.79500e+03 1.57050e-02
1.80500e+03 1.60799e-02
1.81500e+03 1.58232e-02
1.82500e+03 1.56626e-02
1.83500e+03 1.53680e-02
1.84500e+03 1.40315e-02
1.85500e+03 1.51459e-02
1.86500e+03 1.65302e-02
1.87500e+03 1.66769e-02
1.88500e+03 1.67059e-02
1.89500e+03 1.74644e-02
1.90500e+03 1.74404e-02
1.91500e+03 1.77361e-02
1.92500e+03 1.67035e-02
1.93500e+03 1.51134e-02
1.94500e+03 1.85331e-02
1.95500e+03 1.95488e-02
1.96700e+03 2.10979e-02
1.97600e+03 2.07125e-02
1.98400e+03 2.14433e-02
1.99500e+03 2.15451e-02
2.00500e+03 2.08139e-02
2.01500e+03 2.08532e-02
2.02500e+03 1.95937e-02
2.03500e+03 2.22792e-02
2.04500e+03 2.40672e-02
2.05500e+03 2.34127e-02
2.06500e+03 2.31697e-02
2.07400e+03 2.60873e-02
2.07800e+03 3.63385e-02
2.08500e+03 4.06594e-02
2.09500e+03 3.88101e-02
2.10500e+03 3.74520e-02
2.11500e+03 3.95877e-02
2.12500e+03 3.69275e-02
2.13500e+03 3.56130e-02
2.14500e+03 4.12631e-02
2.15500e+03 4.14805e-02
2.16500e+03 3.77830e-02
2.17500e+03 3.85878e-02
2.18500e+03 4.45397e-02
2.19500e+03 4.58682e-02
2.20500e+03 4.35684e-02
2.21500e+03 3.74755e-02
2.22500e+03 4.13029e-02
2.23500e+03 5.00570e-02
2.24500e+03 4.80238e-02
2.25500e+03 3.97162e-02
2.26500e+03 3.72924e-02
2.27500e+03 4.11516e-02
2.28500e+03 4.88315e-02
2.29500e+03 4.53578e-02
2.30500e+03 4.98968e-02
2.31500e+03 4.51119e-02
2.32500e+03 3.75592e-02
2.33500e+03 3.28448e-02
2.34500e+03 2.77638e-02
2.35500e+03 3.82443e-02
2.36500e+03 2.95906e-02
2.37500e+03 3.15576e-02
2.38500e+03 2.37653e-02
2.39500e+03 2.60245e-02
2.40500e+03 2.71339e-02
2.41500e+03 3.25537e-02
2.42500e+03 4.71508e-02
2.43500e+03 5.05853e-02
2.44500e+03 5.73372e-02
2.45500e+03 5.97827e-02
2.46500e+03 5.43529e-02
2.47500e+03 4.69942e-02
2.48500e+03 3.55919e-02
2.49500e+03 4.00614e-02
2.50500e+03 5.14909e-02
2.51300e+03 3.26298e-02
2.51800e+03 2.38087e-02
2.52500e+03 2.66328e-02
2.53500e+03 3.62697e-02
2.54500e+03 4.30512e-02
2.55500e+03 6.12511e-02
2.56500e+03 5.49409e-02
2.57500e+03 6.19510e-02
2.58500e+03 5.80057e-02
2.59500e+03 5.22695e-02
2.60500e+03 4.59799e-02
2.61500e+03 4.36234e-02
2.62500e+03 5.84244e-02
2.63500e+03 9.01063e-02
2.64500e+03 1.22929e-01
2.65500e+03 1.50240e-01
2.66500e+03 1.15869e-01
2.67500e+03 1.22190e-01
2.68500e+03 1.32121e-01
2.69500e+03 1.10697e-01
2.70500e+03 1.18526e-01
2.71500e+03 9.49772e-02
2.72500e+03 8.21807e-02
2.73500e+03 8.87544e-02
2.74500e+03 6.26969e-02
2.75500e+03 7.41187e-02
2.76500e+03 9.33910e-02
2.77500e+03 9.64302e-02
2.78500e+03 6.41563e-02
2.79500e+03 3.33972e-02
2.80500e+03 4.09365e-02
2.81500e+03 8.94145e-02
2.82500e+03 1.24512e-01
2.83500e+03 1.21010e-01
2.84500e+03 9.37433e-02
2.85500e+03 7.07156e-02
2.86500e+03 1.21413e-01
2.87500e+03 1.54075e-01
2.88500e+03 1.50661e-01
2.89500e+03 1.77787e-01
2.91000e+03 2.16907e-01
2.93000e+03 2.00506e-01
2.95000e+03 1.88073e-01
2.97000e+03 1.93235e-01
2.99000e+03 1.96531e-01
3.01000e+03 2.00153e-01
3.03000e+03 2.08928e-01
3.05000e+03 2.18791e-01
3.07000e+03 2.29845e-01
3.09000e+03 2.31639e-01
3.11000e+03 2.50494e-01
3.13000e+03 2.41629e-01
3.15000e+03 2.41080e-01
3.17000e+03 2.53055e-01
3.19000e+03 2.34572e-01
3.21000e+03 2.44205e-01
3.23000e+03 2.29241e-01
3.25000e+03 2.88047e-01
3.27000e+03 3.30950e-01
3.29000e+03 3.29661e-01
3.31000e+03 3.17015e-01
3.33000e+03 3.19621e-01
3.35000e+03 3.04645e-01
3.37000e+03 2.54805e-01
3.39000e+03 2.70814e-01
3.41000e+03 2.81793e-01
3.43000e+03 2.95807e-01
3.45000e+03 3.08751e-01
3.47000e+03 3.22514e-01
3.49000e+03 3.52726e-01
3.51000e+03 3.69786e-01
3.53000e+03 3.53769e-01
3.55000e+03 3.75286e-01
3.57000e+03 2.99733e-01
3.59000e+03 2.94884e-01
3.61000e+03 3.43877e-01
3.63000e+03 3.64574e-01
3.64000e+03 3.85441e-01
3.65000e+03 4.28120e-01
3.67000e+03 4.41258e-01
3.69000e+03 4.16062e-01
3.70466e+03 4.22338e-01
3.70488e+03 4.28074e-01
3.70511e+03 4.28365e-01
3.70533e+03 4.28657e-01
3.70555e+03 4.28949e-01
3.70578e+03 4.29242e-01
3.70600e+03 4.29533e-01
3.70622e+03 4.29824e-01
3.70645e+03 4.30115e-01
3.70667e+03 4.30407e-01
3.70689e+03 4.30698e-01
3.70712e+03 4.30989e-01
3.70734e+03 4.31280e-01
3.70756e+03 4.31571e-01
3.70779e+03 4.31862e-01
3.70801e+03 4.32153e-01
3.70824e+03 4.32443e-01
3.70846e+03 4.32734e-01
3.70868e+03 4.33026e-01
3.70891e+03 4.33316e-01
3.70913e+03 4.33607e-01
3.70935e+03 4.33897e-01
3.70958e+03 4.34187e-01
3.70980e+03 4.34469e-01
3.71000e+03 4.34666e-01
3.71002e+03 4.34291e-01
3.71025e+03 4.33221e-01
3.71047e+03 4.31856e-01
3.71070e+03 4.30492e-01
3.71092e+03 4.29129e-01
3.71114e+03 4.27766e-01
3.71137e+03 4.26404e-01
3.71159e+03 4.25042e-01
3.71181e+03 4.23680e-01
3.71204e+03 4.22319e-01
3.71226e+03 4.20958e-01
3.71248e+03 4.19598e-01
3.71271e+03 4.18238e-01
3.71293e+03 4.16881e-01
3.71316e+03 4.15524e-01
3.71338e+03 4.14168e-01
3.71360e+03 4.12814e-01
3.71383e+03 4.11460e-01
3.71405e+03 4.10110e-01
3.71427e+03 4.08760e-01
3.71450e+03 4.07415e-01
3.71472e+03 4.06072e-01
3.71494e+03 4.04734e-01
3.71517e+03 4.03400e-01
3.71539e+03 4.02073e-01
3.71562e+03 4.00751e-01
3.71584e+03 3.99436e-01
3.71606e+03 3.98130e-01
3.71629e+03 3.96836e-01
3.71651e+03 3.95551e-01
3.71673e+03 3.94281e-01
3.71696e+03 3.93026e-01
3.71718e+03 3.91787e-01
3.71740e+03 3.90569e-01
3.71763e+03 3.89374e-01
3.71785e+03 3.88203e-01
3.71808e+03 3.87061e-01
3.71830e+03 3.85949e-01
3.71852e+03 3.84874e-01
3.71875e+03 3.83837e-01
3.71897e+03 3.82841e-01
3.71919e+03 3.81892e-01
3.71942e+03 3.80995e-01
3.71964e+03 3.80148e-01
3.71986e+03 3.79361e-01
3.72009e+03 3.78636e-01
3.72031e+03 3.77977e-01
3.72053e+03 3.77385e-01
3.72076e+03 3.76865e-01
3.72098e+03 3.76421e-01
3.72121e+03 3.76052e-01
3.72143e+03 3.75761e-01
3.72165e+03 3.75548e-01
3.72188e+03 3.75415e-01
3.72210e+03 3.75359e-01
3.72232e+03 3.75377e-01
3.72255e+03 3.75473e-01
3.72277e+03 3.75634e-01
3.72299e+03 3.75858e-01
3.72322e+03 3.76142e-01
3.72344e+03 3.76473e-01
3.72367e+03 3.76847e-01
3.72389e+03 3.77250e-01
3.72411e+03 3.77677e-01
3.72434e+03 3.78108e-01
3.72456e+03 3.78538e-01
3.72478e+03 3.78949e-01
3.72501e+03 3.79329e-01
3.72523e+03 3.79665e-01
3.72545e+03 3.79938e-01
3.72568e+03 3.80138e-01
3.72590e+03 3.80249e-01
3.72613e+03 3.80257e-01
3.72635e+03 3.80148e-01
3.72657e+03 3.79912e-01
3.72680e+03 3.79534e-01
3.72702e+03 3.79009e-01
3.72724e+03 3.78325e-01
3.72747e+03 3.77473e-01
3.72769e+03 3.76454e-01
3.72791e+03 3.75261e-01
3.72814e+03 3.73891e-01
3.72836e+03 3.72345e-01
3.72859e+03 3.70630e-01
3.72881e+03 3.68742e-01
3.72903e+03 3.66691e-01
3.72926e+03 3.64485e-01
3.72948e+03 3.62136e-01
3.72970e+03 3.59646e-01
3.72993e+03 3.57481e-01
3.73000e+03 3.56130e-01
3.73015e+03 3.55454e-01
3.73037e+03 3.54516e-01
3.73060e+03 3.53418e-01
3.73082e+03 3.52249e-01
3.73105e+03 3.51023e-01
3.73127e+03 3.49756e-01
3.73149e+03 3.48464e-01
3.73172e+03 3.47156e-01
3.73194e+03 3.45846e-01
3.73216e+03 3.44550e-01
3.73239e+03 3.43277e-01
3.73261e+03 3.42039e-01
3.73283e+03 3.40842e-01
3.73306e+03 3.39700e-01
3.73328e+03 3.38615e-01
3.73351e+03 3.37596e-01
3.73373e+03 3.36647e-01
3.73395e+03 3.35771e-01
3.73418e+03 3.34970e-01
3.73440e+03 3.34248e-01
3.73462e+03 3.33603e-01
3.73485e+03 3.33037e-01
3.73507e+03 3.32548e-01
3.73529e+03 3.32135e-01
3.73552e+03 3.31796e-01
3.73574e+03 3.31525e-01
3.73596e+03 3.31322e-01
3.73619e+03 3.31184e-01
3.73641e+03 3.31105e-01
3.73664e+03 3.31084e-01
3.73686e+03 3.31113e-01
3.73708e+03 3.31192e-01
3.73731e+03 3.31315e-01
3.73753e+03 3.31478e-01
3.73775e+03 3.31680e-01
3.73798e+03 3.31914e-01
3.73820e+03 3.32178e-01
3.73842e+03 3.32469e-01
3.73865e+03 3.32783e-01
3.73887e+03 3.33119e-01
3.73910e+03 3.33473e-01
3.73932e+03 3.33843e-01
3.73954e+03 3.34229e-01
3.73977e+03 3.34626e-01
3.73999e+03 3.35034e-01
3.74021e+03 3.35452e-01
3.74044e+03 3.35876e-01
3.74066e+03 3.36309e-01
3.74088e+03 3.36746e-01
3.74111e+03 3.37189e-01
3.74133e+03 3.37637e-01
3.74156e+03 3.38085e-01
3.74178e+03 3.38539e-01
3.74200e+03 3.38994e-01
3.74223e+03 3.39449e-01
3.74245e+03 3.39909e-01
3.74267e+03 3.40368e-01
3.74290e+03 3.40828e-01
3.74312e+03 3.41290e-01
3.74334e+03 3.41752e-01
3.74357e+03 3.42214e-01
3.74379e+03 3.42677e-01
3.74402e+03 3.43141e-01
3.74424e+03 3.43605e-01
3.74446e+03 3.44067e-01
3.74469e+03 3.44531e-01
3.74491e+03 3.44995e-01
3.74513e+03 3.45458e-01
3.74536e+03 3.45923e-01
3.74558e+03 3.46387e-01
3.74580e+03 3.46850e-01
3.74603e+03 3.47314e-01
3.74625e+03 3.47777e-01
3.74648e+03 3.48241e-01
3.74670e+03 3.48705e-01
3.74692e+03 3.49168e-01
3.74715e+03 3.49630e-01
3.74737e+03 3.50092e-01
3.74759e+03 3.50556e-01
3.74782e+03 3.51020e-01
3.74804e+03 3.51482e-01
3.74826e+03 3.51945e-01
3.74849e+03 3.52406e-01
3.74871e+03 3.52869e-01
3.74893e+03 3.53333e-01
3.74916e+03 3.54140e-01
3.75000e+03 3.77127e-01
3.77000e+03 4.32984e-01
3.79000e+03 4.55611e-01
3.81000e+03 4.28410e-01
3.83000e+03 3.15432e-01
3.85000e+03 3.67710e-01
3.87000e+03 3.84183e-01
3.89000e+03 4.29682e-01
3.91000e+03 4.68118e-01
3.93000e+03 3.17835e-01
3.95000e+03 4.04015e-01
3.97000e+03 3.64925e-01
3.99000e+03 5.96017e-01
4.01000e+03 6.78745e-01
4.03000e+03 6.77718e-01
4.05000e+03 6.53033e-01
4.07000e+03 6.29000e-01
4.07820e+03 6.56386e-01
4.07845e+03 6.70178e-01
4.07870e+03 6.71614e-01
4.07894e+03 6.73048e-01
4.07919e+03 6.74482e-01
4.07943e+03 6.75918e-01
4.07968e+03 6.77349e-01
4.07993e+03 6.78781e-01
4.08017e+03 6.80214e-01
4.08042e+03 6.81647e-01
4.08066e+03 6.83078e-01
4.08091e+03 6.84510e-01
4.08116e+03 6.85941e-01
4.08140e+03 6.87371e-01
4.08165e+03 6.88803e-01
4.08190e+03 6.90231e-01
4.08214e+03 6.91661e-01
4.08239e+03 6.93090e-01
4.08263e+03 6.94518e-01
4.08288e+03 6.95946e-01
4.08313e+03 6.97373e-01
4.08337e+03 6.98801e-01
4.08362e+03 7.00228e-01
4.08386e+03 7.01655e-01
4.08411e+03 7.03080e-01
4.08436e+03 7.04507e-01
4.08460e+03 7.05931e-01
4.08485e+03 7.07357e-01
4.08510e+03 7.08780e-01
4.08534e+03 7.10206e-01
4.08559e+03 7.11629e-01
4.08583e+03 7.13054e-01
4.08608e+03 7.14475e-01
4.08633e+03 7.15898e-01
4.08657e+03 7.17321e-01
4.08682e+03 7.18743e-01
4.08706e+03 7.20165e-01
4.08731e+03 7.21589e-01
4.08756e+03 7.23008e-01
4.08780e+03 7.24430e-01
4.08805e+03 7.25853e-01
4.08830e+03 7.27272e-01
4.08854e+03 7.28695e-01
4.08879e+03 7.30118e-01
4.08903e+03 7.31542e-01
4.08928e+03 7.32963e-01
4.08953e+03 7.34386e-01
4.08977e+03 7.35781e-01
4.09000e+03 7.36800e-01
4.09002e+03 7.36963e-01
4.09026e+03 7.36471e-01
4.09051e+03 7.35860e-01
4.09076e+03 7.35253e-01
4.09100e+03 7.34649e-01
4.09125e+03 7.34048e-01
4.09150e+03 7.33450e-01
4.09174e+03 7.32856e-01
4.09199e+03 7.32264e-01
4.09223e+03 7.31679e-01
4.09248e+03 7.31100e-01
4.09273e+03 7.30525e-01
4.09297e+03 7.29957e-01
4.09322e+03 7.29396e-01
4.09347e+03 7.28842e-01
4.09371e+03 7.28295e-01
4.09396e+03 7.27758e-01
4.09420e+03 7.27230e-01
4.09445e+03 7.26710e-01
4.09470e+03 7.26200e-01
4.09494e+03 7.25702e-01
4.09519e+03 7.25212e-01
4.09543e+03 7.24734e-01
4.09568e+03 7.24268e-01
4.09593e+03 7.23812e-01
4.09617e+03 7.23367e-01
4.09642e+03 7.22933e-01
4.09667e+03 7.22510e-01
4.09691e+03 7.22097e-01
4.09716e+03 7.21692e-01
4.09740e+03 7.21296e-01
4.09765e+03 7.20908e-01
4.09790e+03 7.20528e-01
4.09814e+03 7.20150e-01
4.09839e+03 7.19777e-01
4.09863e+03 7.19408e-01
4.09888e+03 7.19037e-01
4.09913e+03 7.18666e-01
4.09937e+03 7.18293e-01
4.09962e+03 7.17911e-01
4.09987e+03 7.17524e-01
4.10011e+03 7.17128e-01
4.10036e+03 7.16721e-01
4.10060e+03 7.16300e-01
4.10085e+03 7.15863e-01
4.10110e+03 7.15410e-01
4.10134e+03 7.14940e-01
4.10159e+03 7.14447e-01
4.10183e+03 7.13935e-01
4.10208e+03 7.13399e-01
4.10233e+03 7.12841e-01
4.10257e+03 7.12260e-01
4.10282e+03 7.11653e-01
4.10307e+03 7.11023e-01
4.10331e+03 7.10369e-01
4.10356e+03 7.09690e-01
4.10380e+03 7.08990e-01
4.10405e+03 7.08266e-01
4.10430e+03 7.07522e-01
4.10454e+03 7.06759e-01
4.10479e+03 7.05976e-01
4.10503e+03 7.05179e-01
4.10528e+03 7.04366e-01
4.10553e+03 7.03540e-01
4.10577e+03 7.02705e-01
4.10602e+03 7.01860e-01
4.10627e+03 7.01009e-01
4.10651e+03 7.00154e-01
4.10676e+03 6.99294e-01
4.10700e+03 6.98434e-01
4.10725e+03 6.97577e-01
4.10750e+03 6.96720e-01
4.10774e+03 6.95868e-01
4.10799e+03 6.95022e-01
4.10823e+03 6.94183e-01
4.10848e+03 6.93351e-01
4.10873e+03 6.92527e-01
4.10897e+03 6.91714e-01
4.10922e+03 6.90912e-01
4.10947e+03 6.90119e-01
4.10971e+03 6.89338e-01
4.10996e+03 6.88705e-01
4.11000e+03 6.88431e-01
4.11020e+03 6.88303e-01
4.11045e+03 6.88158e-01
4.11070e+03 6.88020e-01
4.11094e+03 6.87894e-01
4.11119e+03 6.87776e-01
4.11144e+03 6.87670e-01
4.11168e+03 6.87572e-01
4.11193e+03 6.87481e-01
4.11217e+03 6.87400e-01
4.11242e+03 6.87327e-01
4.11267e+03 6.87260e-01
4.11291e+03 6.87199e-01
4.11316e+03 6.87144e-01
4.11340e+03 6.87095e-01
4.11365e+03 6.87052e-01
4.11390e+03 6.87011e-01
4.11414e+03 6.86975e-01
4.11439e+03 6.86941e-01
4.11464e+03 6.86912e-01
4.11488e+03 6.86885e-01
4.11513e+03 6.86861e-01
4.11537e+03 6.86840e-01
4.11562e+03 6.86819e-01
4.11587e+03 6.86799e-01
4.11611e+03 6.86783e-01
4.11636e+03 6.86766e-01
4.11660e+03 6.86752e-01
4.11685e+03 6.86737e-01
4.11710e+03 6.86723e-01
4.11734e+03 6.86710e-01
4.11759e+03 6.86697e-01
4.11784e+03 6.86686e-01
4.11808e+03 6.86675e-01
4.11833e+03 6.86662e-01
4.11857e+03 6.86652e-01
4.11882e+03 6.86640e-01
4.11907e+03 6.86630e-01
4.11931e+03 6.86619e-01
4.11956e+03 6.86609e-01
4.11981e+03 6.86598e-01
4.12005e+03 6.86589e-01
4.12030e+03 6.86578e-01
4.12054e+03 6.86568e-01
4.12079e+03 6.86558e-01
4.12104e+03 6.86547e-01
4.12128e+03 6.86537e-01
4.12153e+03 6.86528e-01
4.12177e+03 6.86517e-01
4.12202e+03 6.86506e-01
4.12227e+03 6.86496e-01
4.12251e+03 6.86486e-01
4.12276e+03 6.86477e-01
4.12301e+03 6.86466e-01
4.12325e+03 6.86457e-01
4.12350e+03 6.86447e-01
4.12374e+03 6.86437e-01
4.12399e+03 6.86425e-01
4.12424e+03 6.86416e-01
4.12448e+03 6.86405e-01
4.12473e+03 6.86396e-01
4.12497e+03 6.86386e-01
4.12522e+03 6.86374e-01
4.12547e+03 6.86364e-01
4.12571e+03 6.86355e-01
4.12596e+03 6.86344e-01
4.12621e+03 6.86334e-01
4.12645e+03 6.86326e-01
4.12670e+03 6.86313e-01
4.12694e+03 6.86304e-01
4.12719e+03 6.86519e-01
4.13000e+03 6.85447e-01
4.15000e+03 6.77380e-01
4.17000e+03 6.78866e-01
4.19000e+03 6.68191e-01
4.21000e+03 6.65782e-01
4.23000e+03 6.46620e-01
4.25000e+03 6.63222e-01
4.27000e+03 6.33889e-01
4.29000e+03 5.88325e-01
4.31000e+03 5.31533e-01
4.31565e+03 5.58512e-01
4.31591e+03 5.75651e-01
4.31617e+03 5.78356e-01
4.31643e+03 5.81060e-01
4.31669e+03 5.83764e-01
4.31695e+03 5.86464e-01
4.31721e+03 5.89166e-01
4.31747e+03 5.91869e-01
4.31773e+03 5.94568e-01
4.31799e+03 5.97266e-01
4.31825e+03 5.99964e-01
4.31852e+03 6.02661e-01
4.31878e+03 6.05358e-01
4.31904e+03 6.08053e-01
4.31930e+03 6.10748e-01
4.31956e+03 6.13442e-01
4.31982e+03 6.16136e-01
4.32008e+03 6.18829e-01
4.32034e+03 6.21521e-01
4.32060e+03 6.24211e-01
4.32086e+03 6.26902e-01
4.32112e+03 6.29591e-01
4.32138e+03 6.32280e-01
4.32164e+03 6.34968e-01
4.32190e+03 6.37653e-01
4.32216e+03 6.40340e-01
4.32242e+03 6.43026e-01
4.32268e+03 6.45712e-01
4.32294e+03 6.48396e-01
4.32320e+03 6.51080e-01
4.32346e+03 6.53762e-01
4.32373e+03 6.56443e-01
4.32399e+03 6.59124e-01
4.32425e+03 6.61805e-01
4.32451e+03 6.64485e-01
4.32477e+03 6.67164e-01
4.32503e+03 6.69843e-01
4.32529e+03 6.72521e-01
4.32555e+03 6.75200e-01
4.32581e+03 6.77877e-01
4.32607e+03 6.80553e-01
4.32633e+03 6.83231e-01
4.32659e+03 6.85908e-01
4.32685e+03 6.88587e-01
4.32711e+03 6.91264e-01
4.32737e+03 6.93943e-01
4.32763e+03 6.96624e-01
4.32789e+03 6.99306e-01
4.32815e+03 7.01988e-01
4.32841e+03 7.04672e-01
4.32867e+03 7.07360e-01
4.32894e+03 7.10049e-01
4.32920e+03 7.12742e-01
4.32946e+03 7.15439e-01
4.32972e+03 7.18140e-01
4.32998e+03 7.20205e-01
4.33000e+03 7.21078e-01
4.33024e+03 7.20982e-01
4.33050e+03 7.20876e-01
4.33076e+03 7.20778e-01
4.33102e+03 7.20690e-01
4.33128e+03 7.20610e-01
4.33154e+03 7.20544e-01
4.33180e+03 7.20487e-01
4.33206e+03 7.20443e-01
4.33232e+03 7.20415e-01
4.33258e+03 7.20398e-01
4.33284e+03 7.20398e-01
4.33310e+03 7.20415e-01
4.33336e+03 7.20447e-01
4.33362e+03 7.20495e-01
4.33388e+03 7.20563e-01
4.33415e+03 7.20648e-01
4.33441e+03 7.20750e-01
4.33467e+03 7.20871e-01
4.33493e+03 7.21009e-01
4.33519e+03 7.21165e-01
4.33545e+03 7.21337e-01
4.33571e+03 7.21523e-01
4.33597e+03 7.21724e-01
4.33623e+03 7.21937e-01
4.33649e+03 7.22160e-01
4.33675e+03 7.22390e-01
4.33701e+03 7.22628e-01
4.33727e+03 7.22870e-01
4.33753e+03 7.23111e-01
4.33779e+03 7.23349e-01
4.33805e+03 7.23584e-01
4.33831e+03 7.23810e-01
4.33857e+03 7.24023e-01
4.33883e+03 7.24222e-01
4.33909e+03 7.24402e-01
4.33935e+03 7.24559e-01
4.33962e+03 7.24692e-01
4.33988e+03 7.24797e-01
4.34014e+03 7.24872e-01
4.34040e+03 7.24913e-01
4.34066e+03 7.24920e-01
4.34092e+03 7.24889e-01
4.34118e+03 7.24820e-01
4.34144e+03 7.24713e-01
4.34170e+03 7.24565e-01
4.34196e+03 7.24377e-01
4.34222e+03 7.24150e-01
4.34248e+03 7.23883e-01
4.34274e+03 7.23577e-01
4.34300e+03 7.23236e-01
4.34326e+03 7.22861e-01
4.34352e+03 7.22453e-01
4.34378e+03 7.22015e-01
4.34404e+03 7.21549e-01
4.34430e+03 7.21059e-01
4.34457e+03 7.20548e-01
4.34483e+03 7.20020e-01
4.34509e+03 7.19477e-01
4.34535e+03 7.18923e-01
4.34561e+03 7.18361e-01
4.34587e+03 7.17794e-01
4.34613e+03 7.17227e-01
4.34639e+03 7.16660e-01
4.34665e+03 7.16097e-01
4.34691e+03 7.15540e-01
4.34717e+03 7.14992e-01
4.34743e+03 7.14457e-01
4.34769e+03 7.13933e-01
4.34795e+03 7.13423e-01
4.34821e+03 7.12928e-01
4.34847e+03 7.12451e-01
4.34873e+03 7.11990e-01
4.34899e+03 7.11546e-01
4.34925e+03 7.11122e-01
4.34951e+03 7.10714e-01
4.34978e+03 7.10333e-01
4.35000e+03 7.10055e-01
4.35004e+03 7.10277e-01
4.35030e+03 7.10830e-01
4.35056e+03 7.11574e-01
4.35082e+03 7.12336e-01
4.35108e+03 7.13111e-01
4.35134e+03 7.13900e-01
4.35160e+03 7.14704e-01
4.35186e+03 7.15518e-01
4.35212e+03 7.16343e-01
4.35238e+03 7.17179e-01
4.35264e+03 7.18026e-01
4.35290e+03 7.18880e-01
4.35316e+03 7.19742e-01
4.35342e+03 7.20611e-01
4.35368e+03 7.21486e-01
4.35394e+03 7.22367e-01
4.35420e+03 7.23253e-01
4.35446e+03 7.24144e-01
4.35472e+03 7.25036e-01
4.35499e+03 7.25934e-01
4.35525e+03 7.26833e-01
4.35551e+03 7.27734e-01
4.35577e+03 7.28639e-01
4.35603e+03 7.29545e-01
4.35629e+03 7.30452e-01
4.35655e+03 7.31361e-01
4.35681e+03 7.32270e-01
4.35707e+03 7.33180e-01
4.35733e+03 7.34092e-01
4.35759e+03 7.35004e-01
4.35785e+03 7.35915e-01
4.35811e+03 7.36827e-01
4.35837e+03 7.37740e-01
4.35863e+03 7.38652e-01
4.35889e+03 7.39563e-01
4.35915e+03 7.40477e-01
4.35941e+03 7.41388e-01
4.35967e+03 7.42300e-01
4.35993e+03 7.43211e-01
4.36020e+03 7.44123e-01
4.36046e+03 7.45034e-01
4.36072e+03 7.45945e-01
4.36098e+03 7.46856e-01
4.36124e+03 7.47768e-01
4.36150e+03 7.48678e-01
4.36176e+03 7.49589e-01
4.36202e+03 7.50498e-01
4.36228e+03 7.51410e-01
4.36254e+03 7.52317e-01
4.36280e+03 7.53226e-01
4.36306e+03 7.54135e-01
4.36332e+03 7.55044e-01
4.36358e+03 7.55952e-01
4.36384e+03 7.56861e-01
4.36410e+03 7.57768e-01
4.36436e+03 7.58677e-01
4.36462e+03 7.59583e-01
4.36488e+03 7.60490e-01
4.36515e+03 7.61396e-01
4.36541e+03 7.62304e-01
4.36567e+03 7.63208e-01
4.36593e+03 7.64115e-01
4.36619e+03 7.65020e-01
4.36645e+03 7.65927e-01
4.36671e+03 7.66831e-01
4.36697e+03 7.67737e-01
4.36723e+03 7.68640e-01
4.36749e+03 7.71738e-01
4.37000e+03 7.61445e-01
4.39000e+03 7.11010e-01
4.41000e+03 7.36173e-01
4.43000e+03 7.80668e-01
4.45000e+03 7.95570e-01
4.47000e+03 8.34921e-01
4.49000e+03 8.67685e-01
4.51000e+03 9.36028e-01
4.53000e+03 8.65900e-01
4.55000e+03 8.87113e-01
4.57000e+03 9.34755e-01
4.59000e+03 9.08168e-01
4.61000e+03 9.16212e-01
4.63000e+03 9.05006e-01
4.65000e+03 9.15289e-01
4.67000e+03 9.42615e-01
4.69000e+03 9.32276e-01
4.71000e+03 9.11847e-01
4.73000e+03 9.33392e-01
4.75000e+03 9.55596e-01
4.77000e+03 9.49118e-01
4.79000e+03 9.48778e-01
4.81000e+03 9.52689e-01
4.83000e+03 9.70005e-01
4.83484e+03 9.67631e-01
4.83513e+03 9.64297e-01
4.83542e+03 9.63524e-01
4.83571e+03 9.62751e-01
4.83600e+03 9.61977e-01
4.83629e+03 9.61205e-01
4.83659e+03 9.60432e-01
4.83688e+03 9.59660e-01
4.83717e+03 9.58887e-01
4.83746e+03 9.58116e-01
4.83775e+03 9.57343e-01
4.83805e+03 9.56572e-01
4.83834e+03 9.55801e-01
4.83863e+03 9.55030e-01
4.83892e+03 9.54258e-01
4.83921e+03 9.53488e-01
4.83950e+03 9.52718e-01
4.83980e+03 9.51948e-01
4.84009e+03 9.51179e-01
4.84038e+03 9.50410e-01
4.84067e+03 9.49641e-01
4.84096e+03 9.48872e-01
4.84126e+03 9.48103e-01
4.84155e+03 9.47336e-01
4.84184e+03 9.46569e-01
4.84213e+03 9.45803e-01
4.84242e+03 9.45037e-01
4.84272e+03 9.44271e-01
4.84301e+03 9.43507e-01
4.84330e+03 9.42745e-01
4.84359e+03 9.41983e-01
4.84388e+03 9.41223e-01
4.84417e+03 9.40465e-01
4.84447e+03 9.39710e-01
4.84476e+03 9.38956e-01
4.84505e+03 9.38207e-01
4.84534e+03 9.37458e-01
4.84563e+03 9.36716e-01
4.84593e+03 9.35978e-01
4.84622e+03 9.35246e-01
4.84651e+03 9.34520e-01
4.84680e+03 9.33801e-01
4.84709e+03 9.33089e-01
4.84738e+03 9.32386e-01
4.84768e+03 9.31693e-01
4.84797e+03 9.31015e-01
4.84826e+03 9.30347e-01
4.84855e+03 9.29694e-01
4.84884e+03 9.29058e-01
4.84914e+03 9.28437e-01
4.84943e+03 9.27835e-01
4.84972e+03 9.27258e-01
4.85000e+03 9.26817e-01
4.85001e+03 9.26471e-01
4.85030e+03 9.25721e-01
4.85059e+03 9.24791e-01
4.85089e+03 9.23887e-01
4.85118e+03 9.23011e-01
4.85147e+03 9.22165e-01
4.85176e+03 9.21349e-01
4.85205e+03 9.20564e-01
4.85235e+03 9.19813e-01
4.85264e+03 9.19093e-01
4.85293e+03 9.18407e-01
4.85322e+03 9.17755e-01
4.85351e+03 9.17133e-01
4.85381e+03 9.16543e-01
4.85410e+03 9.15981e-01
4.85439e+03 9.15446e-01
4.85468e+03 9.14936e-01
4.85497e+03 9.14450e-01
4.85526e+03 9.13980e-01
4.85556e+03 9.13526e-01
4.85585e+03 9.13079e-01
4.85614e+03 9.12640e-01
4.85643e+03 9.12199e-01
4.85672e+03 9.11754e-01
4.85702e+03 9.11298e-01
4.85731e+03 9.10824e-01
4.85760e+03 9.10328e-01
4.85789e+03 9.09801e-01
4.85818e+03 9.09241e-01
4.85847e+03 9.08638e-01
4.85877e+03 9.07991e-01
4.85906e+03 9.07290e-01
4.85935e+03 9.06534e-01
4.85964e+03 9.05716e-01
4.85993e+03 9.04835e-01
4.86023e+03 9.03884e-01
4.86052e+03 9.02866e-01
4.86081e+03 9.01774e-01
4.86110e+03 9.00611e-01
4.86139e+03 8.99375e-01
4.86168e+03 8.98067e-01
4.86198e+03 8.96687e-01
4.86227e+03 8.95239e-01
4.86256e+03 8.93728e-01
4.86285e+03 8.92154e-01
4.86314e+03 8.90523e-01
4.86344e+03 8.88836e-01
4.86373e+03 8.87106e-01
4.86402e+03 8.85331e-01
4.86431e+03 8.83519e-01
4.86460e+03 8.81678e-01
4.86490e+03 8.79811e-01
4.86519e+03 8.77925e-01
4.86548e+03 8.76029e-01
4.86577e+03 8.74126e-01
4.86606e+03 8.72217e-01
4.86635e+03 8.70316e-01
4.86665e+03 8.68425e-01
4.86694e+03 8.66544e-01
4.86723e+03 8.64682e-01
4.86752e+03 8.62840e-01
4.86781e+03 8.61023e-01
4.86811e+03 8.59232e-01
4.86840e+03 8.57471e-01
4.86869e+03 8.55740e-01
4.86898e+03 8.54039e-01
4.86927e+03 8.52374e-01
4.86956e+03 8.50739e-01
4.86986e+03 8.49326e-01
4.87000e+03 8.48526e-01
4.87015e+03 8.49049e-01
4.87044e+03 8.50000e-01
4.87073e+03 8.51124e-01
4.87102e+03 8.52278e-01
4.87132e+03 8.53460e-01
4.87161e+03 8.54668e-01
4.87190e+03 8.55900e-01
4.87219e+03 8.57157e-01
4.87248e+03 8.58435e-01
4.87277e+03 8.59734e-01
4.87307e+03 8.61051e-01
4.87336e+03 8.62384e-01
4.87365e+03 8.63735e-01
4.87394e+03 8.65097e-01
4.87423e+03 8.66473e-01
4.87453e+03 8.67861e-01
4.87482e+03 8.69259e-01
4.87511e+03 8.70664e-01
4.87540e+03 8.72077e-01
4.87569e+03 8.73498e-01
4.87598e+03 8.74923e-01
4.87628e+03 8.76353e-01
4.87657e+03 8.77789e-01
4.87686e+03 8.79228e-01
4.87715e+03 8.80669e-01
4.87744e+03 8.82114e-01
4.87774e+03 8.83561e-01
4.87803e+03 8.85009e-01
4.87832e+03 8.86459e-01
4.87861e+03 8.87911e-01
4.87890e+03 8.89362e-01
4.87920e+03 8.90815e-01
4.87949e+03 8.92270e-01
4.87978e+03 8.93721e-01
4.88007e+03 8.95176e-01
4.88036e+03 8.96629e-01
4.88065e+03 8.98084e-01
4.88095e+03 8.99538e-01
4.88124e+03 9.00992e-01
4.88153e+03 9.02446e-01
4.88182e+03 9.03898e-01
4.88211e+03 9.05352e-01
4.88241e+03 9.06806e-01
4.88270e+03 9.08258e-01
4.88299e+03 9.09711e-01
4.88328e+03 9.11163e-01
4.88357e+03 9.12616e-01
4.88386e+03 9.14068e-01
4.88416e+03 9.15518e-01
4.88445e+03 9.16970e-01
4.88474e+03 9.18420e-01
4.88503e+03 9.19871e-01
4.88532e+03 9.21322e-01
4.88562e+03 9.22771e-01
4.88591e+03 9.24220e-01
4.88620e+03 9.25668e-01
4.88649e+03 9.27118e-01
4.88678e+03 9.28567e-01
4.88707e+03 9.30014e-01
4.88737e+03 9.31462e-01
4.88766e+03 9.32911e-01
4.88795e+03 9.34357e-01
4.88824e+03 9.35803e-01
4.88853e+03 9.37251e-01
4.88883e+03 9.38696e-01
4.88912e+03 9.40141e-01
4.88941e+03 9.41588e-01
4.88970e+03 9.43042e-01
4.89000e+03 9.44319e-01
4.89029e+03 9.44514e-01
4.89058e+03 9.44517e-01
4.89087e+03 9.44520e-01
4.89116e+03 9.44525e-01
4.89145e+03 9.44527e-01
4.89174e+03 9.44530e-01
4.89204e+03 9.44535e-01
4.89233e+03 9.44537e-01
4.89262e+03 9.44541e-01
4.89291e+03 9.46153e-01
4.91000e+03 9.42545e-01
4.92877e+03 9.29694e-01
4.92907e+03 9.26705e-01
4.92936e+03 9.26425e-01
4.92966e+03 9.26146e-01
4.92996e+03 9.25904e-01
4.93000e+03 9.25958e-01
4.93026e+03 9.26363e-01
4.93055e+03 9.26931e-01
4.93085e+03 9.27525e-01
4.93115e+03 9.28118e-01
4.93145e+03 9.28709e-01
4.93174e+03 9.29303e-01
4.93204e+03 9.29895e-01
4.93234e+03 9.30486e-01
4.93264e+03 9.31080e-01
4.93293e+03 9.31671e-01
4.93323e+03 9.32263e-01
4.93353e+03 9.32854e-01
4.93383e+03 9.33447e-01
4.93412e+03 9.34037e-01
4.93442e+03 9.34629e-01
4.93472e+03 9.35221e-01
4.93502e+03 9.35811e-01
4.93531e+03 9.36403e-01
4.93561e+03 9.36993e-01
4.93591e+03 9.37584e-01
4.93621e+03 9.38175e-01
4.93650e+03 9.38765e-01
4.93680e+03 9.39355e-01
4.93710e+03 9.39945e-01
4.93740e+03 9.40536e-01
4.93769e+03 9.41126e-01
4.93799e+03 9.41715e-01
4.93829e+03 9.42305e-01
4.93859e+03 9.42894e-01
4.93888e+03 9.43484e-01
4.93918e+03 9.44073e-01
4.93948e+03 9.44662e-01
4.93978e+03 9.45253e-01
4.94007e+03 9.45843e-01
4.94037e+03 9.46431e-01
4.94067e+03 9.47021e-01
4.94097e+03 9.47610e-01
4.94126e+03 9.48201e-01
4.94156e+03 9.48791e-01
4.94186e+03 9.49382e-01
4.94216e+03 9.49971e-01
4.94245e+03 9.50563e-01
4.94275e+03 9.51155e-01
4.94305e+03 9.51748e-01
4.94335e+03 9.52342e-01
4.94364e+03 9.52936e-01
4.94394e+03 9.53531e-01
4.94424e+03 9.54128e-01
4.94454e+03 9.54728e-01
4.94483e+03 9.55326e-01
4.94513e+03 9.55929e-01
4.94543e+03 9.56534e-01
4.94573e+03 9.57140e-01
4.94602e+03 9.57750e-01
4.94632e+03 9.58363e-01
4.94662e+03 9.58978e-01
4.94692e+03 9.59598e-01
4.94721e+03 9.60221e-01
4.94751e+03 9.60849e-01
4.94781e+03 9.61481e-01
4.94811e+03 9.62118e-01
4.94840e+03 9.62761e-01
4.94870e+03 9.63409e-01
4.94900e+03 9.64062e-01
4.94930e+03 9.64723e-01
4.94959e+03 9.65386e-01
4.94989e+03 9.65935e-01
4.95000e+03 9.66277e-01
4.95019e+03 9.66224e-01
4.95049e+03 9.66106e-01
4.95078e+03 9.65992e-01
4.95108e+03 9.65885e-01
4.95138e+03 9.65782e-01
4.95168e+03 9.65685e-01
4.95197e+03 9.65593e-01
4.95227e+03 9.65507e-01
4.95257e+03 9.65423e-01
4.95287e+03 9.65342e-01
4.95316e+03 9.65264e-01
4.95346e+03 9.65186e-01
4.95376e+03 9.65109e-01
4.95406e+03 9.65032e-01
4.95435e+03 9.64952e-01
4.95465e+03 9.64869e-01
4.95495e+03 9.64785e-01
4.95525e+03 9.64691e-01
4.95554e+03 9.64593e-01
4.95584e+03 9.64486e-01
4.95614e+03 9.64373e-01
4.95644e+03 9.64249e-01
4.95673e+03 9.64113e-01
4.95703e+03 9.63968e-01
4.95733e+03 9.63808e-01
4.95763e+03 9.63637e-01
4.95792e+03 9.63452e-01
4.95822e+03 9.63253e-01
4.95852e+03 9.63040e-01
4.95882e+03 9.62814e-01
4.95911e+03 9.62573e-01
4.95941e+03 9.62318e-01
4.95971e+03 9.62052e-01
4.96001e+03 9.61771e-01
4.96030e+03 9.61479e-01
4.96060e+03 9.61178e-01
4.96090e+03 9.60863e-01
4.96120e+03 9.60540e-01
4.96149e+03 9.60209e-01
4.96179e+03 9.59870e-01
4.96209e+03 9.59525e-01
4.96239e+03 9.59174e-01
4.96268e+03 9.58819e-01
4.96298e+03 9.58462e-01
4.96328e+03 9.58105e-01
4.96358e+03 9.57745e-01
4.96387e+03 9.57386e-01
4.96417e+03 9.57029e-01
4.96447e+03 9.56672e-01
4.96477e+03 9.56322e-01
4.96506e+03 9.55974e-01
4.96536e+03 9.55629e-01
4.96566e+03 9.55291e-01
4.96596e+03 9.54959e-01
4.96625e+03 9.54631e-01
4.96655e+03 9.54311e-01
4.96685e+03 9.53996e-01
4.96715e+03 9.53688e-01
4.96744e+03 9.53386e-01
4.96774e+03 9.53090e-01
4.96804e+03 9.52800e-01
4.96834e+03 9.52517e-01
4.96863e+03 9.52239e-01
4.96893e+03 9.51966e-01
4.96923e+03 9.51700e-01
4.96953e+03 9.51437e-01
4.96982e+03 9.51196e-01
4.97000e+03 9.51006e-01
4.97012e+03 9.50490e-01
4.97042e+03 9.49628e-01
4.97072e+03 9.48640e-01
4.97102e+03 9.47655e-01
4.97131e+03 9.46673e-01
4.97161e+03 9.45695e-01
4.97191e+03 9.44718e-01
4.97221e+03 9.43745e-01
4.97250e+03 9.42774e-01
4.97280e+03 9.41804e-01
4.97310e+03 9.40837e-01
4.97340e+03 9.39871e-01
4.97369e+03 9.38907e-01
4.97399e+03 9.37944e-01
4.97429e+03 9.36981e-01
4.97458e+03 9.36020e-01
4.97488e+03 9.35060e-01
4.97518e+03 9.34101e-01
4.97548e+03 9.33143e-01
4.97578e+03 9.32184e-01
4.97607e+03 9.31227e-01
4.97637e+03 9.30404e-01
4.97648e+03 9.29861e-01
4.97667e+03 9.29368e-01
4.97678e+03 9.28899e-01
4.97697e+03 9.28407e-01
4.97708e+03 9.27939e-01
4.97726e+03 9.27447e-01
4.97738e+03 9.26978e-01
4.97756e+03 9.26489e-01
4.97768e+03 9.26019e-01
4.97786e+03 9.25529e-01
4.97798e+03 9.25059e-01
4.97816e+03 9.24571e-01
4.97828e+03 9.24100e-01
4.97845e+03 9.23613e-01
4.97858e+03 9.23141e-01
4.97875e+03 9.22654e-01
4.97888e+03 9.22181e-01
4.97905e+03 9.21697e-01
4.97918e+03 9.21223e-01
4.97935e+03 9.20739e-01
4.97948e+03 9.20264e-01
4.97964e+03 9.19782e-01
4.97978e+03 9.19306e-01
4.97994e+03 9.18826e-01
4.98008e+03 9.18347e-01
4.98024e+03 9.17868e-01
4.98039e+03 9.17388e-01
4.98054e+03 9.16911e-01
4.98069e+03 9.16432e-01
4.98083e+03 9.15954e-01
4.98099e+03 9.15474e-01
4.98113e+03 9.14998e-01
4.98129e+03 9.14518e-01
4.98143e+03 9.14043e-01
4.98159e+03 9.13561e-01
4.98173e+03 9.13085e-01
4.98189e+03 9.12603e-01
4.98202e+03 9.12130e-01
4.98219e+03 9.11647e-01
4.98232e+03 9.11176e-01
4.98249e+03 9.10692e-01
4.98262e+03 9.10221e-01
4.98279e+03 9.09736e-01
4.98292e+03 9.09266e-01
4.98309e+03 9.08781e-01
4.98321e+03 9.08311e-01
4.98339e+03 9.07825e-01
4.98351e+03 9.07356e-01
4.98369e+03 9.06868e-01
4.98381e+03 9.06402e-01
4.98399e+03 9.05913e-01
4.98411e+03 9.05448e-01
4.98429e+03 9.04958e-01
4.98440e+03 9.04494e-01
4.98459e+03 9.04004e-01
4.98470e+03 9.03540e-01
4.98489e+03 9.03049e-01
4.98500e+03 9.02587e-01
4.98519e+03 9.02096e-01
4.98530e+03 9.01635e-01
4.98549e+03 9.01142e-01
4.98559e+03 9.00681e-01
4.98579e+03 9.00189e-01
4.98589e+03 8.99729e-01
4.98609e+03 8.99235e-01
4.98619e+03 8.98777e-01
4.98639e+03 8.98283e-01
4.98649e+03 8.97827e-01
4.98669e+03 8.97331e-01
4.98678e+03 8.96875e-01
4.98699e+03 8.96379e-01
4.98708e+03 8.95925e-01
4.98729e+03 8.95429e-01
4.98738e+03 8.94977e-01
4.98759e+03 8.94479e-01
4.98768e+03 8.94025e-01
4.98790e+03 8.93528e-01
4.98797e+03 8.93076e-01
4.98820e+03 8.92418e-01
4.98850e+03 8.91521e-01
4.98880e+03 8.90570e-01
4.98910e+03 8.89619e-01
4.98940e+03 8.88669e-01
4.98970e+03 8.87718e-01
4.99000e+03 8.86801e-01
4.99030e+03 8.86074e-01
4.99060e+03 8.85380e-01
4.99090e+03 8.84686e-01
4.99120e+03 8.83996e-01
4.99150e+03 8.83310e-01
4.99180e+03 8.82626e-01
4.99210e+03 8.81947e-01
4.99240e+03 8.81271e-01
4.99270e+03 8.80602e-01
4.99300e+03 8.79939e-01
4.99330e+03 8.79281e-01
4.99360e+03 8.78631e-01
4.99390e+03 8.77990e-01
4.99420e+03 8.77357e-01
4.99450e+03 8.76734e-01
4.99480e+03 8.76123e-01
4.99510e+03 8.75522e-01
4.99541e+03 8.74935e-01
4.99571e+03 8.74361e-01
4.99601e+03 8.73803e-01
4.99631e+03 8.73259e-01
4.99661e+03 8.72733e-01
4.99691e+03 8.72222e-01
4.99721e+03 8.71731e-01
4.99751e+03 8.71257e-01
4.99781e+03 8.70803e-01
4.99811e+03 8.70369e-01
4.99841e+03 8.69954e-01
4.99871e+03 8.69558e-01
4.99901e+03 8.69181e-01
4.99931e+03 8.68822e-01
4.99961e+03 8.68481e-01
4.99991e+03 8.68156e-01
5.00021e+03 8.67847e-01
5.00051e+03 8.67550e-01
5.00081e+03 8.67264e-01
5.00111e+03 8.66990e-01
5.00141e+03 8.66721e-01
5.00171e+03 8.66454e-01
5.00201e+03 8.66190e-01
5.00231e+03 8.65924e-01
5.00261e+03 8.65651e-01
5.00292e+03 8.65369e-01
5.00322e+03 8.65075e-01
5.00352e+03 8.64764e-01
5.00382e+03 8.64434e-01
5.00412e+03 8.64081e-01
5.00442e+03 8.63700e-01
5.00472e+03 8.63291e-01
5.00502e+03 8.62847e-01
5.00532e+03 8.62370e-01
5.00562e+03 8.61854e-01
5.00592e+03 8.61300e-01
5.00622e+03 8.60702e-01
5.00652e+03 8.60064e-01
5.00682e+03 8.59384e-01
5.00712e+03 8.58659e-01
5.00742e+03 8.57891e-01
5.00772e+03 8.57083e-01
5.00802e+03 8.56234e-01
5.00832e+03 8.55346e-01
5.00862e+03 8.54420e-01
5.00892e+03 8.53458e-01
5.00922e+03 8.52465e-01
5.00952e+03 8.51443e-01
5.00982e+03 8.50496e-01
5.01000e+03 8.49877e-01
5.01012e+03 8.50021e-01
5.01042e+03 8.50358e-01
5.01073e+03 8.50754e-01
5.01103e+03 8.51136e-01
5.01133e+03 8.51511e-01
5.01163e+03 8.51881e-01
5.01193e+03 8.52248e-01
5.01223e+03 8.52616e-01
5.01253e+03 8.52989e-01
5.01283e+03 8.53367e-01
5.01313e+03 8.53756e-01
5.01343e+03 8.54155e-01
5.01373e+03 8.54570e-01
5.01403e+03 8.54998e-01
5.01433e+03 8.55442e-01
5.01463e+03 8.55905e-01
5.01493e+03 8.56385e-01
5.01523e+03 8.56884e-01
5.01553e+03 8.57401e-01
5.01583e+03 8.57939e-01
5.01613e+03 8.58495e-01
5.01643e+03 8.59070e-01
5.01673e+03 8.59663e-01
5.01703e+03 8.60273e-01
5.01733e+03 8.60900e-01
5.01763e+03 8.61543e-01
5.01793e+03 8.62201e-01
5.01823e+03 8.62874e-01
5.01854e+03 8.63561e-01
5.01884e+03 8.64257e-01
5.01914e+03 8.64966e-01
5.01944e+03 8.65685e-01
5.01974e+03 8.66415e-01
5.02004e+03 8.67152e-01
5.02034e+03 8.67896e-01
5.02064e+03 8.68650e-01
5.02094e+03 8.69407e-01
5.02124e+03 8.70171e-01
5.02154e+03 8.70940e-01
5.02184e+03 8.71713e-01
5.02214e+03 8.72490e-01
5.02244e+03 8.73269e-01
5.02274e+03 8.74051e-01
5.02304e+03 8.74837e-01
5.02334e+03 8.75624e-01
5.02364e+03 8.76410e-01
5.02394e+03 8.77202e-01
5.02424e+03 8.77992e-01
5.02454e+03 8.78784e-01
5.02484e+03 8.79576e-01
5.02514e+03 8.80368e-01
5.02544e+03 8.81163e-01
5.02574e+03 8.81956e-01
5.02604e+03 8.82751e-01
5.02635e+03 8.83546e-01
5.02665e+03 8.84340e-01
5.02695e+03 8.85136e-01
5.02725e+03 8.85929e-01
5.02755e+03 8.86725e-01
5.02785e+03 8.87519e-01
5.02815e+03 8.88313e-01
5.02845e+03 8.89108e-01
5.02875e+03 8.89902e-01
5.02905e+03 8.90696e-01
5.02935e+03 8.91492e-01
5.02965e+03 8.92284e-01
5.02995e+03 8.92893e-01
5.03000e+03 8.93211e-01
5.03025e+03 8.93164e-01
5.03055e+03 8.93106e-01
5.03085e+03 8.93047e-01
5.03115e+03 8.92992e-01
5.03145e+03 8.92934e-01
5.03175e+03 8.92877e-01
5.03205e+03 8.92819e-01
5.03235e+03 8.92761e-01
5.03265e+03 8.92704e-01
5.03295e+03 8.92646e-01
5.03325e+03 8.92590e-01
5.03355e+03 8.92531e-01
5.03385e+03 8.92475e-01
5.03416e+03 8.92418e-01
5.03446e+03 8.92361e-01
5.03476e+03 8.92304e-01
5.03506e+03 8.92246e-01
5.03536e+03 8.92189e-01
5.03566e+03 8.92132e-01
5.03596e+03 8.92074e-01
5.03626e+03 8.92456e-01
5.05000e+03 8.95853e-01
5.07000e+03 9.16591e-01
5.09000e+03 8.87528e-01
5.11000e+03 8.94807e-01
5.13000e+03 8.70348e-01
5.15000e+03 8.33979e-01
5.17000e+03 7.87877e-01
5.19000e+03 8.09633e-01
5.21000e+03 8.69532e-01
5.23000e+03 9.31966e-01
5.25000e+03 9.56359e-01
5.27000e+03 8.93259e-01
5.29000e+03 9.80304e-01
5.31000e+03 1.02525e+00
5.33000e+03 9.51370e-01
5.35000e+03 1.00003e+00
5.37000e+03 1.00313e+00
5.39000e+03 9.84619e-01
5.41000e+03 9.72391e-01
5.43000e+03 9.84898e-01
5.45000e+03 1.00468e+00
5.47000e+03 9.94812e-01
5.49000e+03 9.98424e-01
5.51000e+03 9.93313e-01
5.53000e+03 1.01931e+00
5.55000e+03 1.03049e+00
5.57000e+03 1.01163e+00
5.59000e+03 9.95056e-01
5.61000e+03 1.01691e+00
5.63000e+03 1.01923e+00
5.65000e+03 1.02607e+00
5.67000e+03 1.01169e+00
5.69000e+03 1.02692e+00
5.71000e+03 1.01371e+00
5.73000e+03 1.06566e+00
5.75000e+03 1.04831e+00
5.77000e+03 1.04526e+00
5.79000e+03 1.02108e+00
5.81000e+03 1.04908e+00
5.83000e+03 1.07066e+00
5.85000e+03 1.04882e+00
5.87000e+03 1.03133e+00
5.89000e+03 9.64355e-01
5.91000e+03 1.01638e+00
5.93000e+03 1.03046e+00
5.95000e+03 1.03265e+00
5.97000e+03 1.04270e+00
5.99000e+03 1.03027e+00
6.01000e+03 1.02016e+00
6.03000e+03 1.03891e+00
6.05000e+03 1.05508e+00
6.07000e+03 1.04909e+00
6.09000e+03 1.02227e+00
6.11000e+03 1.01345e+00
6.13000e+03 9.75349e-01
6.15000e+03 9.81343e-01
6.17000e+03 9.52558e-01
6.19000e+03 9.87520e-01
6.21000e+03 9.83690e-01
6.23000e+03 9.55928e-01
6.25000e+03 9.35068e-01
6.27000e+03 9.65449e-01
6.29000e+03 9.80573e-01
6.31000e+03 9.66171e-01
6.33000e+03 9.74008e-01
6.35000e+03 9.78132e-01
6.37000e+03 9.76926e-01
6.39000e+03 9.85185e-01
6.41000e+03 9.72984e-01
6.43000e+03 9.76928e-01
6.45000e+03 9.73364e-01
6.47000e+03 9.67919e-01
6.49000e+03 9.57730e-01
6.51000e+03 9.79189e-01
6.52364e+03 9.84079e-01
6.52404e+03 9.85185e-01
6.52443e+03 9.85205e-01
6.52482e+03 9.85224e-01
6.52522e+03 9.85243e-01
6.52561e+03 9.85263e-01
6.52600e+03 9.85283e-01
6.52640e+03 9.85303e-01
6.52679e+03 9.85322e-01
6.52719e+03 9.85343e-01
6.52758e+03 9.85362e-01
6.52797e+03 9.85382e-01
6.52837e+03 9.85400e-01
6.52876e+03 9.85421e-01
6.52915e+03 9.85441e-01
6.52955e+03 9.85460e-01
6.52994e+03 9.85452e-01
6.53000e+03 9.85405e-01
6.53034e+03 9.85010e-01
6.53073e+03 9.84489e-01
6.53112e+03 9.83952e-01
6.53152e+03 9.83416e-01
6.53191e+03 9.82880e-01
6.53230e+03 9.82345e-01
6.53270e+03 9.81809e-01
6.53309e+03 9.81275e-01
6.53349e+03 9.80739e-01
6.53388e+03 9.80203e-01
6.53427e+03 9.79669e-01
6.53467e+03 9.79135e-01
6.53506e+03 9.78600e-01
6.53546e+03 9.78067e-01
6.53585e+03 9.77534e-01
6.53624e+03 9.77002e-01
6.53664e+03 9.76471e-01
6.53703e+03 9.75941e-01
6.53742e+03 9.75412e-01
6.53782e+03 9.74884e-01
6.53821e+03 9.74358e-01
6.53860e+03 9.73835e-01
6.53900e+03 9.73313e-01
6.53939e+03 9.72794e-01
6.53979e+03 9.72280e-01
6.54018e+03 9.71768e-01
6.54057e+03 9.71262e-01
6.54097e+03 9.70762e-01
6.54136e+03 9.70270e-01
6.54176e+03 9.69783e-01
6.54215e+03 9.69307e-01
6.54254e+03 9.68841e-01
6.54294e+03 9.68387e-01
6.54333e+03 9.67949e-01
6.54372e+03 9.67527e-01
6.54412e+03 9.67123e-01
6.54451e+03 9.66741e-01
6.54491e+03 9.66382e-01
6.54530e+03 9.66049e-01
6.54569e+03 9.65749e-01
6.54609e+03 9.65483e-01
6.54648e+03 9.65255e-01
6.54687e+03 9.65066e-01
6.54727e+03 9.64922e-01
6.54766e+03 9.64828e-01
6.54806e+03 9.64786e-01
6.54845e+03 9.64800e-01
6.54884e+03 9.64876e-01
6.54924e+03 9.65017e-01
6.54963e+03 9.65219e-01
6.55000e+03 9.65394e-01
6.55002e+03 9.65419e-01
6.55042e+03 9.65198e-01
6.55081e+03 9.65006e-01
6.55121e+03 9.64894e-01
6.55160e+03 9.64862e-01
6.55199e+03 9.64912e-01
6.55239e+03 9.65040e-01
6.55278e+03 9.65248e-01
6.55317e+03 9.65534e-01
6.55357e+03 9.65891e-01
6.55396e+03 9.66317e-01
6.55436e+03 9.66808e-01
6.55475e+03 9.67352e-01
6.55514e+03 9.67945e-01
6.55554e+03 9.68576e-01
6.55593e+03 9.69233e-01
6.55633e+03 9.69909e-01
6.55672e+03 9.70588e-01
6.55711e+03 9.71255e-01
6.55751e+03 9.71900e-01
6.55790e+03 9.72507e-01
6.55829e+03 9.73060e-01
6.55869e+03 9.73544e-01
6.55908e+03 9.73947e-01
6.55948e+03 9.74255e-01
6.55987e+03 9.74449e-01
6.56026e+03 9.74519e-01
6.56066e+03 9.74452e-01
6.56105e+03 9.74236e-01
6.56144e+03 9.73866e-01
6.56184e+03 9.73328e-01
6.56223e+03 9.72620e-01
6.56263e+03 9.71733e-01
6.56302e+03 9.70669e-01
6.56341e+03 9.69424e-01
6.56381e+03 9.67999e-01
6.56420e+03 9.66398e-01
6.56459e+03 9.64624e-01
6.56499e+03 9.62689e-01
6.56538e+03 9.60595e-01
6.56578e+03 9.58356e-01
6.56617e+03 9.55981e-01
6.56656e+03 9.53483e-01
6.56696e+03 9.50877e-01
6.56735e+03 9.48173e-01
6.56775e+03 9.45391e-01
6.56814e+03 9.42542e-01
6.56853e+03 9.39643e-01
6.56893e+03 9.36704e-01
6.56932e+03 9.33746e-01
6.56971e+03 9.30975e-01
6.57000e+03 9.28996e-01
6.57011e+03 9.28435e-01
6.57050e+03 9.28058e-01
6.57090e+03 9.27645e-01
6.57129e+03 9.27270e-01
6.57168e+03 9.26943e-01
6.57208e+03 9.26672e-01
6.57247e+03 9.26466e-01
6.57286e+03 9.26326e-01
6.57326e+03 9.26261e-01
6.57365e+03 9.26270e-01
6.57405e+03 9.26360e-01
6.57444e+03 9.26530e-01
6.57483e+03 9.26778e-01
6.57523e+03 9.27109e-01
6.57562e+03 9.27515e-01
6.57601e+03 9.27999e-01
6.57641e+03 9.28558e-01
6.57680e+03 9.29186e-01
6.57720e+03 9.29883e-01
6.57759e+03 9.30643e-01
6.57798e+03 9.31462e-01
6.57838e+03 9.32339e-01
6.57877e+03 9.33267e-01
6.57916e+03 9.34241e-01
6.57956e+03 9.35261e-01
6.57995e+03 9.36319e-01
6.58035e+03 9.37414e-01
6.58074e+03 9.38543e-01
6.58113e+03 9.39702e-01
6.58153e+03 9.40886e-01
6.58192e+03 9.42093e-01
6.58231e+03 9.43320e-01
6.58271e+03 9.44564e-01
6.58310e+03 9.45826e-01
6.58350e+03 9.47101e-01
6.58389e+03 9.48389e-01
6.58428e+03 9.49685e-01
6.58468e+03 9.50989e-01
6.58507e+03 9.52303e-01
6.58546e+03 9.53622e-01
6.58586e+03 9.54947e-01
6.58625e+03 9.56276e-01
6.58665e+03 9.57608e-01
6.58704e+03 9.58943e-01
6.58743e+03 9.60281e-01
6.58783e+03 9.61622e-01
6.58822e+03 9.62963e-01
6.58862e+03 9.64306e-01
6.58901e+03 9.65651e-01
6.58940e+03 9.66993e-01
6.58980e+03 9.68163e-01
6.59000e+03 9.68955e-01
6.59019e+03 9.69176e-01
6.59058e+03 9.69345e-01
6.59098e+03 9.69556e-01
6.59137e+03 9.69766e-01
6.59177e+03 9.69976e-01
6.59216e+03 9.70187e-01
6.59255e+03 9.70398e-01
6.59295e+03 9.70609e-01
6.59334e+03 9.70820e-01
6.59373e+03 9.71032e-01
6.59413e+03 9.71242e-01
6.59452e+03 9.71453e-01
6.59492e+03 9.71665e-01
6.59531e+03 9.71875e-01
6.59570e+03 9.72087e-01
6.59610e+03 9.72298e-01
6.59649e+03 9.72508e-01
6.59688e+03 9.72720e-01
6.59728e+03 9.72930e-01
6.59767e+03 9.73142e-01
6.59807e+03 9.73353e-01
6.59846e+03 9.73564e-01
6.59885e+03 9.73775e-01
6.59925e+03 9.73985e-01
6.59964e+03 9.74196e-01
6.60004e+03 9.74406e-01
6.60043e+03 9.74617e-01
6.60082e+03 9.74827e-01
6.60122e+03 9.75038e-01
6.60161e+03 9.75249e-01
6.60200e+03 9.76973e-01
6.61000e+03 9.78819e-01
6.63000e+03 9.72894e-01
6.65000e+03 9.68895e-01
6.67000e+03 9.54534e-01
6.69000e+03 9.57734e-01
6.71000e+03 9.35217e-01
6.73000e+03 9.46671e-01
6.75000e+03 9.38672e-01
6.77000e+03 9.39586e-01
6.79000e+03 9.33658e-01
6.81000e+03 9.37294e-01
6.83000e+03 9.43903e-01
6.85000e+03 9.30088e-01
6.87000e+03 9.40426e-01
6.89000e+03 9.52854e-01
6.91000e+03 9.52962e-01
6.93000e+03 9.48787e-01
6.95000e+03 9.50025e-01
6.97000e+03 9.59439e-01
6.99000e+03 9.57195e-01
7.01000e+03 9.49792e-01
7.03000e+03 9.63064e-01
7.05000e+03 9.64953e-01
7.07000e+03 9.40762e-01
7.09000e+03 9.13036e-01
7.11000e+03 8.91888e-01
7.13000e+03 8.75599e-01
7.15000e+03 8.72868e-01
7.17000e+03 8.78528e-01
7.19000e+03 8.66711e-01
7.21000e+03 8.81771e-01
7.23000e+03 9.00487e-01
7.25000e+03 9.08888e-01
7.27000e+03 9.13317e-01
7.29000e+03 9.08925e-01
7.31000e+03 9.27098e-01
7.33000e+03 9.34415e-01
7.35000e+03 9.46248e-01
7.37000e+03 9.63614e-01
7.39000e+03 9.53451e-01
7.41000e+03 9.53704e-01
7.43000e+03 9.71948e-01
7.45000e+03 9.77429e-01
7.47000e+03 9.89064e-01
7.49000e+03 9.90679e-01
7.51000e+03 9.99496e-01
7.53000e+03 1.01254e+00
7.55000e+03 1.01898e+00
7.57000e+03 1.01387e+00
7.59000e+03 9.95482e-01
7.61000e+03 9.75569e-01
7.63000e+03 9.53177e-01
7.65000e+03 9.28538e-01
7.67000e+03 8.95902e-01
7.69000e+03 9.03447e-01
7.71000e+03 8.93074e-01
7.73000e+03 8.91527e-01
7.75000e+03 8.87971e-01
7.77000e+03 8.96768e-01
7.79000e+03 9.02228e-01
7.81000e+03 9.01196e-01
7.83000e+03 8.93664e-01
7.85000e+03 8.86404e-01
7.87000e+03 8.94608e-01
7.89000e+03 8.85107e-01
7.91000e+03 8.68947e-01
7.93000e+03 8.67864e-01
7.95000e+03 8.67084e-01
7.97000e+03 8.86650e-01
7.99000e+03 8.91947e-01
8.01000e+03 8.99277e-01
8.03000e+03 9.02179e-01
8.05000e+03 9.03611e-01
8.07000e+03 9.11332e-01
8.09000e+03 9.07784e-01
8.11000e+03 9.16764e-01
8.13000e+03 9.36916e-01
8.15000e+03 9.47921e-01
8.17000e+03 9.50766e-01
8.19000e+03 9.29598e-01
8.21000e+03 9.15911e-01
8.23000e+03 9.16423e-01
8.25000e+03 9.15980e-01
8.27000e+03 9.20224e-01
8.29000e+03 9.09875e-01
8.31000e+03 8.85653e-01
8.33000e+03 8.76339e-01
8.35000e+03 8.75868e-01
8.37000e+03 8.75085e-01
8.39000e+03 8.56896e-01
8.41000e+03 8.67443e-01
8.43000e+03 8.36691e-01
8.45000e+03 8.16566e-01
8.47000e+03 8.15309e-01
8.49000e+03 8.16219e-01
8.51000e+03 7.95209e-01
8.53000e+03 8.10560e-01
8.55000e+03 7.85913e-01
8.57000e+03 8.30295e-01
8.59000e+03 8.32170e-01
8.61000e+03 8.39072e-01
8.63000e+03 8.51990e-01
8.65000e+03 8.48394e-01
8.67000e+03 8.02925e-01
8.69000e+03 8.33879e-01
8.71000e+03 8.60436e-01
8.73000e+03 8.67099e-01
8.75000e+03 8.62836e-01
8.77000e+03 8.73947e-01
8.79000e+03 8.79795e-01
8.81000e+03 8.68936e-01
8.83000e+03 8.72795e-01
8.85000e+03 8.67028e-01
8.87000e+03 8.42981e-01
8.89000e+03 8.48817e-01
8.91000e+03 8.54632e-01
8.93000e+03 8.44026e-01
8.95000e+03 8.43085e-01
8.97000e+03 8.45681e-01
8.99000e+03 8.43799e-01
9.01000e+03 8.27365e-01
9.03000e+03 8.49422e-01
9.05000e+03 8.71131e-01
9.07000e+03 8.71487e-01
9.09000e+03 8.59383e-01
9.11000e+03 8.66601e-01
9.13000e+03 8.77013e-01
9.15000e+03 8.73773e-01
9.17000e+03 8.73235e-01
9.19000e+03 8.75064e-01
9.21000e+03 8.48814e-01
9.23000e+03 8.27868e-01
9.25000e+03 8.24559e-01
9.27000e+03 8.26210e-01
9.29000e+03 8.18642e-01
9.31000e+03 8.21085e-01
9.33000e+03 8.21782e-01
9.35000e+03 8.16703e-01
9.37000e+03 8.07718e-01
9.39000e+03 8.14825e-01
9.41000e+03 8.06978e-01
9.43000e+03 8.17819e-01
9.45000e+03 8.13279e-01
9.47000e+03 8.25077e-01
9.49000e+03 8.25865e-01
9.51000e+03 8.16153e-01
9.53000e+03 8.15223e-01
9.55000e+03 8.04406e-01
9.57000e+03 8.10912e-01
9.59000e+03 8.21001e-01
9.61000e+03 8.14616e-01
9.63000e+03 8.14323e-01
9.65000e+03 8.03268e-01
9.67000e+03 8.02908e-01
9.69000e+03 8.10044e-01
9.71000e+03 8.01103e-01
9.73000e+03 7.92928e-01
9.75000e+03 7.90069e-01
9.77000e+03 7.90424e-01
9.79000e+03 7.84525e-01
9.81000e+03 7.95586e-01
9.83000e+03 7.92412e-01
9.85000e+03 7.94235e-01
9.87000e+03 7.90036e-01
9.89000e+03 7.87683e-01
9.91000e+03 7.83935e-01
9.93000e+03 7.85724e-01
9.95000e+03 7.86575e-01
9.97000e+03 7.86158e-01
9.99000e+03 7.83976e-01
1.00250e+04 7.79784e-01
1.00750e+04 7.71559e-01
1.01250e+04 7.73491e-01
1.01750e+04 7.66568e-01
1.02250e+04 7.65366e-01
1.02750e+04 7.63923e-01
1.03250e+04 7.54614e-01
1.03750e+04 7.48588e-01
1.04250e+04 7.47378e-01
1.04750e+04 7.38330e-01
1.05250e+04 7.30338e-01
1.05750e+04 7.18266e-01
1.06250e+04 7.10309e-01
1.06750e+04 7.03147e-01
1.07250e+04 7.03210e-01
1.07750e+04 6.97514e-01
1.08250e+04 6.88664e-01
1.08750e+04 6.84903e-01
1.09250e+04 6.81573e-01
1.09750e+04 6.74527e-01
1.10250e+04 6.69727e-01
1.10750e+04 6.62256e-01
1.11250e+04 6.58286e-01
1.11750e+04 6.53764e-01
1.12250e+04 6.51867e-01
1.12750e+04 6.45354e-01
1.13250e+04 6.42806e-01
1.13750e+04 6.38353e-01
1.14250e+04 6.33795e-01
1.14750e+04 6.37740e-01
1.15250e+04 6.36320e-01
1.15750e+04 6.29782e-01
1.16250e+04 6.22508e-01
1.16750e+04 6.21716e-01
1.17250e+04 6.22054e-01
1.17750e+04 6.12539e-01
1.18250e+04 6.06181e-01
1.18750e+04 6.00038e-01
1.19250e+04 6.03319e-01
1.19750e+04 5.92343e-01
1.20250e+04 5.97515e-01
1.20750e+04 5.95701e-01
1.21250e+04 5.96143e-01
1.21750e+04 5.96948e-01
1.22250e+04 5.94296e-01
1.22750e+04 5.90744e-01
1.23250e+04 5.87808e-01
1.23750e+04 5.85649e-01
1.24250e+04 5.80425e-01
1.24750e+04 5.78157e-01
1.25250e+04 5.74236e-01
1.25750e+04 5.72341e-01
1.26250e+04 5.69525e-01
1.26750e+04 5.66035e-01
1.27250e+04 5.65673e-01
1.27750e+04 5.63267e-01
1.28250e+04 5.50721e-01
1.28750e+04 5.54645e-01
1.29250e+04 5.52156e-01
1.29750e+04 5.54299e-01
1.30250e+04 5.50123e-01
1.30750e+04 5.48565e-01
1.31250e+04 5.39923e-01
1.31750e+04 5.36834e-01
1.32250e+04 5.35133e-01
1.32750e+04 5.28192e-01
1.33250e+04 5.26425e-01
1.33750e+04 5.22355e-01
1.34250e+04 5.21750e-01
1.34750e+04 5.17853e-01
1.35250e+04 5.13335e-01
1.35750e+04 5.06493e-01
1.36250e+04 5.03241e-01
1.36750e+04 5.03941e-01
1.37250e+04 5.04151e-01
1.37750e+04 5.02396e-01
1.38250e+04 5.00994e-01
1.38750e+04 4.94376e-01
1.39250e+04 4.79432e-01
1.39750e+04 4.73927e-01
1.40250e+04 4.69504e-01
1.40750e+04 4.70078e-01
1.41250e+04 4.66204e-01
1.41750e+04 4.66933e-01
1.42250e+04 4.61713e-01
1.42750e+04 4.56180e-01
1.43250e+04 4.60539e-01
1.43750e+04 4.61160e-01
1.44250e+04 4.53727e-01
1.44750e+04 4.56812e-01
1.45250e+04 4.53891e-01
1.45700e+04 4.53344e-01
1.46200e+04 4.46487e-01
1.46750e+04 4.42411e-01
1.47250e+04 4.38530e-01
1.47750e+04 4.39542e-01
1.48250e+04 4.39873e-01
1.48750e+04 4.37288e-01
1.49250e+04 4.43171e-01
1.49750e+04 4.40197e-01
1.50250e+04 4.34802e-01
1.50750e+04 4.35018e-01
1.51250e+04 4.40407e-01
1.51750e+04 4.41578e-01
1.52250e+04 4.41232e-01
1.52750e+04 4.42485e-01
1.53250e+04 4.41131e-01
1.53750e+04 4.39803e-01
1.54250e+04 4.37502e-01
1.54750e+04 4.36728e-01
1.55250e+04 4.32144e-01
1.55750e+04 4.23502e-01
1.56250e+04 4.24463e-01
1.56750e+04 4.24152e-01
1.57250e+04 4.26616e-01
1.57750e+04 4.09855e-01
1.58250e+04 4.08323e-01
1.58750e+04 4.08788e-01
1.59250e+04 4.16663e-01
1.59750e+04 4.13269e-01
1.60500e+04 4.16720e-01
1.61500e+04 4.18866e-01
1.62500e+04 4.13714e-01
1.63500e+04 4.16827e-01
1.64500e+04 4.08315e-01
1.65500e+04 4.10505e-01
1.66500e+04 4.05149e-01
1.67500e+04 4.00534e-01
1.68500e+04 3.95525e-01
1.69500e+04 3.94461e-01
1.70500e+04 3.87941e-01
1.71500e+04 3.82036e-01
1.72500e+04 3.74050e-01
1.73500e+04 3.65087e-01
1.74500e+04 3.59701e-01
1.75500e+04 3.53374e-01
1.76500e+04 3.46032e-01
1.77500e+04 3.37808e-01
1.78500e+04 3.31650e-01
1.79500e+04 3.23756e-01
1.80500e+04 3.15947e-01
1.81500e+04 3.09808e-01
1.82500e+04 3.05499e-01
1.83500e+04 3.00861e-01
1.84500e+04 2.94408e-01
1.85500e+04 2.89859e-01
1.86500e+04 2.82569e-01
1.87500e+04 2.75933e-01
1.88500e+04 2.73138e-01
1.89500e+04 2.65677e-01
1.90500e+04 2.65280e-01
1.91500e+04 2.61069e-01
1.92500e+04 2.56549e-01
1.93500e+04 2.49754e-01
1.94500e+04 2.43531e-01
1.95500e+04 2.40914e-01
1.96500e+04 2.36239e-01
1.97500e+04 2.30352e-01
1.98500e+04 2.26692e-01
1.99500e+04 2.23521e-01
2.00500e+04 2.21278e-01
2.01500e+04 2.17705e-01
2.02500e+04 2.12717e-01
2.03500e+04 2.09739e-01
2.04500e+04 2.08094e-01
2.05500e+04 2.04739e-01
2.06500e+04 2.01501e-01
2.07500e+04 1.98957e-01
2.08500e+04 1.95801e-01
2.09500e+04 1.92470e-01
2.10500e+04 1.90899e-01
2.11500e+04 1.87716e-01
2.12500e+04 1.85033e-01
2.13500e+04 1.83282e-01
2.14500e+04 1.80570e-01
2.15500e+04 1.77472e-01
2.16500e+04 1.73963e-01
2.17500e+04 1.71502e-01
2.18500e+04 1.69468e-01
2.19500e+04 1.67141e-01
2.20500e+04 1.63776e-01
2.21500e+04 1.62661e-01
2.22500e+04 1.59452e-01
2.23500e+04 1.57279e-01
2.24500e+04 1.55232e-01
2.25500e+04 1.53183e-01
2.26500e+04 1.50366e-01
2.27500e+04 1.48996e-01
2.28500e+04 1.43775e-01
2.29500e+04 1.28537e-01
2.30500e+04 1.31154e-01
2.31500e+04 1.29161e-01
2.32500e+04 1.17073e-01
2.33500e+04 1.20021e-01
2.34500e+04 1.16433e-01
2.35500e+04 1.07895e-01
2.36500e+04 1.11670e-01
2.37500e+04 1.08502e-01
2.38500e+04 1.01651e-01
2.39500e+04 1.04448e-01
2.40500e+04 1.02748e-01
2.41500e+04 9.67648e-02
2.42500e+04 9.81396e-02
2.43500e+04 9.64320e-02
2.44500e+04 9.23020e-02
2.45500e+04 9.08251e-02
2.46500e+04 9.10343e-02
2.47500e+04 8.76143e-02
2.48500e+04 8.18372e-02
2.49500e+04 8.08871e-02
2.50500e+04 8.11820e-02
2.51500e+04 7.77330e-02
2.52500e+04 7.86408e-02
2.53500e+04 7.86174e-02
2.54500e+04 7.73331e-02
2.55500e+04 7.68679e-02
2.56500e+04 7.70978e-02
2.57500e+04 7.72489e-02
2.58500e+04 7.52417e-02
2.59500e+04 7.54433e-02
2.60500e+04 7.57531e-02
2.61500e+04 7.46080e-02
2.62500e+04 7.35989e-02
2.63500e+04 7.36056e-02
2.64500e+04 7.30196e-02
2.65500e+04 7.21249e-02
2.66500e+04 7.10737e-02
2.67500e+04 7.16835e-02
2.68500e+04 7.10232e-02
2.69500e+04 6.96004e-02
2.70500e+04 6.95054e-02
2.71500e+04 6.89998e-02
2.72500e+04 6.86078e-02
2.73500e+04 6.74789e-02
2.74500e+04 6.72428e-02
2.75500e+04 6.68736e-02
2.76500e+04 6.59796e-02
2.77500e+04 6.50193e-02
2.78500e+04 6.48971e-02
2.79500e+04 6.46114e-02
2.80500e+04 6.37895e-02
2.81500e+04 6.29488e-02
2.82500e+04 6.25859e-02
2.83500e+04 6.21081e-02
2.84500e+04 6.14370e-02
2.85500e+04 6.08140e-02
2.86500e+04 6.03127e-02
2.87500e+04 5.96676e-02
2.88500e+04 5.90010e-02
2.89500e+04 5.84721e-02
2.90500e+04 5.79775e-02
2.91500e+04 5.73936e-02
2.92500e+04 5.64800e-02
2.93500e+04 5.62441e-02
2.94500e+04 5.55839e-02
2.95500e+04 5.51179e-02
2.96500e+04 5.46990e-02
2.97500e+04 5.40890e-02
2.98500e+04 5.35144e-02
2.99500e+04 5.29701e-02
3.00500e+04 5.24328e-02
3.01500e+04 5.21057e-02
3.02500e+04 5.14518e-02
3.03500e+04 5.09001e-02
3.04500e+04 5.06958e-02
3.05500e+04 5.01287e-02
3.06500e+04 4.97060e-02
3.07500e+04 4.92977e-02
3.08500e+04 4.87345e-02
3.09500e+04 4.84759e-02
3.10500e+04 4.81357e-02
3.11500e+04 4.74580e-02
3.12500e+04 4.72003e-02
3.13500e+04 4.67820e-02
3.14500e+04 4.63798e-02
3.15500e+04 4.59520e-02
3.16500e+04 4.54452e-02
3.17500e+04 4.51074e-02
3.18500e+04 4.47384e-02
3.19500e+04 4.43805e-02
3.21000e+04 4.37538e-02
3.23000e+04 4.29770e-02
3.25000e+04 4.22062e-02
3.27000e+04 4.13782e-02
3.29000e+04 4.05526e-02
3.31000e+04 3.98253e-02
3.33000e+04 3.90995e-02
3.35000e+04 3.84150e-02
3.37000e+04 3.76566e-02
3.39000e+04 3.69209e-02
3.41000e+04 3.61843e-02
3.43000e+04 3.55702e-02
3.45000e+04 3.49309e-02
3.47000e+04 3.42401e-02
3.49000e+04 3.35901e-02
3.51000e+04 3.29572e-02
3.53000e+04 3.22739e-02
3.55000e+04 3.16746e-02
3.57000e+04 3.10398e-02
3.59000e+04 3.04429e-02
3.61000e+04 2.99513e-02
3.63000e+04 2.93566e-02
3.65000e+04 2.87558e-02
3.67000e+04 2.81739e-02
3.69000e+04 2.75631e-02
3.71000e+04 2.70186e-02
3.73000e+04 2.65488e-02
3.75000e+04 2.59621e-02
3.77000e+04 2.55191e-02
3.79000e+04 2.50317e-02
3.81000e+04 2.46242e-02
3.83000e+04 2.42065e-02
3.85000e+04 2.37544e-02
3.87000e+04 2.32374e-02
3.89000e+04 2.28226e-02
3.91000e+04 2.24082e-02
3.93000e+04 2.19961e-02
3.95000e+04 2.15037e-02
3.97000e+04 2.11034e-02
3.99000e+04 2.06478e-02
4.01000e+04 2.03337e-02
4.03000e+04 1.99956e-02
4.05000e+04 1.95762e-02
4.07000e+04 1.92397e-02
4.09000e+04 1.88995e-02
4.11000e+04 1.85841e-02
4.13000e+04 1.82562e-02
4.15000e+04 1.79161e-02
4.17000e+04 1.75868e-02
4.19000e+04 1.72858e-02
4.21000e+04 1.69588e-02
4.23000e+04 1.67188e-02
4.25000e+04 1.64120e-02
4.27000e+04 1.60761e-02
4.29000e+04 1.52846e-02
4.31000e+04 1.45289e-02
4.33000e+04 1.43325e-02
4.35000e+04 1.37335e-02
4.37000e+04 1.33239e-02
4.39000e+04 1.29930e-02
4.41000e+04 1.24963e-02
4.43000e+04 1.22506e-02
4.45000e+04 1.20054e-02
4.47000e+04 1.16560e-02
4.49000e+04 1.15440e-02
4.51000e+04 1.12833e-02
4.53000e+04 1.10181e-02
4.55000e+04 1.09398e-02
4.57000e+04 1.07943e-02
4.59000e+04 1.04961e-02
4.61000e+04 1.04507e-02
4.63000e+04 1.02903e-02
4.65000e+04 1.01513e-02
4.67000e+04 1.00908e-02
4.69000e+04 9.91919e-03
4.71000e+04 9.75271e-03
4.73000e+04 9.70893e-03
4.75000e+04 9.52277e-03
4.77000e+04 9.40349e-03
4.79000e+04 9.29382e-03
4.81000e+04 9.11847e-03
4.83000e+04 9.09352e-03
4.85000e+04 8.93708e-03
4.87000e+04 8.77082e-03
4.89000e+04 8.64486e-03
4.91000e+04 8.53544e-03
4.93000e+04 8.41296e-03
4.95000e+04 8.27585e-03
4.97000e+04 8.20975e-03
4.99000e+04 8.07740e-03
5.01000e+04 7.98426e-03
5.03000e+04 7.87506e-03
5.05000e+04 7.73495e-03
5.07000e+04 7.65873e-03
5.09000e+04 7.55786e-03
5.11000e+04 7.44174e-03
5.13000e+04 7.37207e-03
5.15000e+04 7.26506e-03
5.17000e+04 7.20938e-03
5.19000e+04 7.10216e-03
5.21000e+04 7.01439e-03
5.23000e+04 6.90340e-03
5.25000e+04 6.84263e-03
5.27000e+04 6.79238e-03
5.29000e+04 6.65570e-03
5.31000e+04 6.56010e-03
5.33000e+04 6.49949e-03
5.35000e+04 6.42112e-03
5.37000e+04 6.34832e-03
5.39000e+04 6.27377e-03
5.41000e+04 6.19453e-03
5.43000e+04 6.09651e-03
5.45000e+04 6.05076e-03
5.47000e+04 5.96197e-03
5.49000e+04 5.89624e-03
5.51000e+04 5.82945e-03
5.53000e+04 5.81353e-03
5.55000e+04 5.69479e-03
5.57000e+04 5.65627e-03
5.59000e+04 5.57812e-03
5.61000e+04 5.52481e-03
5.63000e+04 5.43835e-03
5.65000e+04 5.39877e-03
5.67000e+04 5.33444e-03
5.69000e+04 5.25116e-03
5.71000e+04 5.21800e-03
5.73000e+04 5.15925e-03
5.75000e+04 5.09701e-03
5.77000e+04 5.03466e-03
5.79000e+04 4.99134e-03
5.81000e+04 4.92177e-03
5.83000e+04 4.86696e-03
5.85000e+04 4.81061e-03
5.87000e+04 4.74117e-03
5.89000e+04 4.68916e-03
5.91000e+04 4.63931e-03
5.93000e+04 4.59068e-03
5.95000e+04 4.53118e-03
5.97000e+04 4.48944e-03
5.99000e+04 4.43956e-03
6.01000e+04 4.38796e-03
6.03000e+04 4.33515e-03
6.05000e+04 4.27518e-03
6.07000e+04 4.22604e-03
6.09000e+04 4.17599e-03
6.11000e+04 4.12470e-03
6.13000e+04 4.08452e-03
6.15000e+04 4.04316e-03
6.17000e+04 4.00305e-03
6.19000e+04 3.95665e-03
6.21000e+04 3.91381e-03
6.23000e+04 3.86219e-03
6.25000e+04 3.81122e-03
6.27000e+04 3.76797e-03
6.29000e+04 3.72789e-03
6.31000e+04 3.68546e-03
6.33000e+04 3.65115e-03
6.35000e+04 3.60779e-03
6.37000e+04 3.57274e-03
6.39000e+04 3.52467e-03
6.42000e+04 3.46611e-03
6.46000e+04 3.38866e-03
6.50000e+04 3.31361e-03
6.54000e+04 3.24010e-03
6.58000e+04 3.17082e-03
6.62000e+04 3.09963e-03
6.66000e+04 3.03192e-03
6.70000e+04 2.96622e-03
6.74000e+04 2.89990e-03
6.78000e+04 2.83695e-03
6.82000e+04 2.77523e-03
6.86000e+04 2.71646e-03
6.90000e+04 2.65746e-03
6.94000e+04 2.60056e-03
6.98000e+04 2.54527e-03
7.02000e+04 2.49035e-03
7.06000e+04 2.43862e-03
7.10000e+04 2.38717e-03
7.14000e+04 2.33732e-03
7.18000e+04 2.28814e-03
7.22000e+04 2.24086e-03
7.26000e+04 2.19410e-03
7.30000e+04 2.14891e-03
7.34000e+04 2.10446e-03
7.38000e+04 2.06165e-03
7.42000e+04 2.01837e-03
7.46000e+04 1.97687e-03
7.50000e+04 1.93741e-03
7.54000e+04 1.89861e-03
7.58000e+04 1.86200e-03
7.62000e+04 1.82525e-03
7.66000e+04 1.78912e-03
7.70000e+04 1.75370e-03
7.74000e+04 1.71953e-03
7.78000e+04 1.68611e-03
7.82000e+04 1.65321e-03
7.86000e+04 1.62137e-03
7.90000e+04 1.59011e-03
7.94000e+04 1.55970e-03
7.98000e+04 1.52992e-03
8.02000e+04 1.50033e-03
8.06000e+04 1.47198e-03
8.10000e+04 1.44477e-03
8.14000e+04 1.41756e-03
8.18000e+04 1.39148e-03
8.22000e+04 1.36570e-03
8.26000e+04 1.34047e-03
8.30000e+04 1.31581e-03
8.34000e+04 1.29144e-03
8.38000e+04 1.26790e-03
8.42000e+04 1.24527e-03
8.46000e+04 1.22264e-03
8.50000e+04 1.20075e-03
8.54000e+04 1.17932e-03
8.58000e+04 1.15842e-03
8.62000e+04 1.13806e-03
8.66000e+04 1.11801e-03
8.70000e+04 1.09835e-03
8.74000e+04 1.07918e-03
8.78000e+04 1.06031e-03
8.82000e+04 1.04171e-03
8.86000e+04 1.02373e-03
8.90000e+04 1.00612e-03
8.94000e+04 9.89041e-04
8.98000e+04 9.71868e-04
9.02000e+04 9.55686e-04
9.06000e+04 9.39592e-04
9.10000e+04 9.23293e-04
9.14000e+04 9.08099e-04
9.18000e+04 8.93166e-04
9.22000e+04 8.78514e-04
9.26000e+04 8.63969e-04
9.30000e+04 8.49724e-04
9.34000e+04 8.35698e-04
9.38000e+04 8.22094e-04
9.42000e+04 8.08705e-04
9.46000e+04 7.95491e-04
9.50000e+04 7.82666e-04
9.54000e+04 7.70191e-04
9.58000e+04 7.57876e-04
9.62000e+04 7.45722e-04
9.66000e+04 7.33912e-04
9.70000e+04 7.22228e-04
9.74000e+04 7.10474e-04
9.78000e+04 6.99537e-04
9.82000e+04 6.88752e-04
9.86000e+04 6.78059e-04
9.90000e+04 6.67610e-04
9.94000e+04 6.57206e-04
9.98000e+04 6.47109e-04
1.00200e+05 5.21058e-04
2.00000e+05 4.73274e-05
4.00000e+05 3.57812e-06
6.00000e+05 6.12451e-07
8.00000e+05 1.88795e-07
1.00000e+06 7.76190e-08
1.20000e+06 3.81241e-08
1.40000e+06 2.11512e-08
1.60000e+06 1.35148e-08
